33
266 334 1839337 255
241 344 1839367 255
219 348 1839384 255
203 346 1839400 255
185 335 1839417 255
173 315 1839433 255
169 289 1839450 255
176 269 1839466 255
188 232 1839482 255
210 192 1839499 255
229 165 1839515 255
239 135 1839532 255
242 115 1839548 255
243 100 1839565 255
243 94 1839581 255
238 93 1839597 255
229 94 1839614 255
209 104 1839630 255
198 112 1839647 255
192 127 1839663 255
191 151 1839680 255
206 176 1839696 255
229 206 1839713 255
247 220 1839729 255
278 249 1839745 255
291 263 1839762 255
301 274 1839778 255
306 285 1839795 255
306 297 1839811 255
300 304 1839828 255
292 312 1839844 255
273 323 1839860 255
257 330 1839899 255
