40
267 139 1869961 255
274 136 1870003 255
275 131 1870020 255
271 127 1870036 255
260 120 1870053 255
245 116 1870069 255
225 117 1870086 255
200 122 1870102 255
180 133 1870118 255
160 146 1870135 255
147 159 1870151 255
141 170 1870168 255
138 190 1870184 255
138 206 1870201 255
142 216 1870217 255
151 223 1870233 255
168 226 1870250 255
186 223 1870266 255
209 216 1870283 255
230 195 1870299 255
240 179 1870316 255
250 155 1870332 255
257 143 1870348 255
261 132 1870365 255
263 126 1870381 255
261 124 1870398 255
258 122 1870414 255
256 122 1870431 255
255 124 1870447 255
257 132 1870463 255
263 146 1870480 255
267 171 1870496 255
268 211 1870513 255
264 252 1870529 255
259 285 1870546 255
255 321 1870562 255
253 342 1870578 255
253 356 1870595 255
253 361 1870611 255
251 363 1870647 255
