57
231 161 1621844 255
222 161 1621881 255
215 161 1621897 255
205 166 1621914 255
197 169 1621930 255
191 173 1621947 255
185 183 1621963 255
178 194 1621979 255
173 207 1621996 255
169 217 1622012 255
166 228 1622029 255
165 246 1622045 255
170 263 1622062 255
174 274 1622078 255
179 286 1622094 255
183 296 1622111 255
186 302 1622127 255
189 307 1622144 255
193 311 1622160 255
202 314 1622177 255
211 312 1622193 255
218 310 1622210 255
225 309 1622226 255
232 307 1622242 255
237 304 1622259 255
243 300 1622275 255
249 294 1622292 255
256 288 1622308 255
263 283 1622325 255
270 276 1622341 255
275 267 1622357 255
281 255 1622374 255
285 244 1622390 255
287 235 1622407 255
288 229 1622423 255
288 222 1622440 255
288 216 1622456 255
284 207 1622472 255
281 200 1622489 255
278 196 1622505 255
273 190 1622522 255
269 186 1622538 255
264 183 1622555 255
259 179 1622571 255
253 178 1622587 255
247 177 1622604 255
245 176 1622620 255
242 175 1622637 255
239 173 1622653 255
236 172 1622670 255
233 171 1622686 255
230 170 1622702 255
227 169 1622719 255
224 171 1622735 255
221 172 1622752 255
219 174 1622768 255
215 176 1622804 255
