41
301 145 1666336 255
300 132 1666381 255
295 127 1666397 255
285 123 1666413 255
263 122 1666430 255
244 122 1666446 255
218 128 1666463 255
195 140 1666479 255
179 154 1666496 255
169 163 1666512 255
164 171 1666528 255
164 187 1666545 255
174 206 1666561 255
184 219 1666578 255
200 227 1666594 255
226 231 1666611 255
255 225 1666627 255
275 217 1666643 255
286 208 1666660 255
294 196 1666676 255
297 188 1666693 255
297 181 1666709 255
297 175 1666726 255
296 166 1666742 255
293 157 1666759 255
293 152 1666775 255
293 150 1666791 255
293 148 1666808 255
293 150 1666824 255
293 157 1666841 255
295 163 1666857 255
302 179 1666874 255
309 207 1666890 255
312 227 1666906 255
313 255 1666923 255
308 281 1666939 255
306 304 1666956 255
303 316 1666972 255
302 322 1666989 255
302 327 1667005 255
307 327 1667035 255
