25
268 121 6993946 255
251 123 6993978 255
231 141 6993994 255
206 163 6994011 255
188 202 6994027 255
173 237 6994044 255
163 269 6994060 255
157 295 6994076 255
155 319 6994093 255
159 337 6994109 255
170 351 6994126 255
183 366 6994142 255
209 374 6994159 255
229 374 6994175 255
261 355 6994191 255
280 338 6994208 255
291 313 6994224 255
293 290 6994241 255
288 278 6994257 255
271 273 6994274 255
251 270 6994290 255
230 269 6994306 255
208 273 6994323 255
197 277 6994339 255
187 282 6994376 255
