26
295 107 6968059 255
291 102 6968090 255
280 106 6968106 255
264 113 6968122 255
245 137 6968139 255
223 170 6968155 255
197 211 6968172 255
185 245 6968188 255
170 278 6968205 255
165 301 6968221 255
166 314 6968237 255
174 322 6968254 255
184 331 6968270 255
196 342 6968287 255
214 346 6968303 255
229 338 6968320 255
249 318 6968336 255
267 290 6968352 255
276 281 6968369 255
278 277 6968385 255
271 273 6968402 255
255 271 6968418 255
235 269 6968435 255
214 268 6968451 255
201 270 6968467 255
196 273 6968498 255
