41
232 191 5465930 255
223 188 5465962 255
214 185 5465978 255
204 185 5465995 255
193 187 5466011 255
172 190 5466028 255
156 193 5466044 255
145 198 5466061 255
135 206 5466077 255
128 211 5466093 255
123 217 5466110 255
118 226 5466126 255
112 249 5466143 255
110 262 5466159 255
110 272 5466176 255
116 281 5466192 255
121 289 5466208 255
127 299 5466225 255
132 304 5466241 255
141 310 5466258 255
161 314 5466274 255
175 315 5466291 255
191 316 5466307 255
211 313 5466323 255
228 306 5466340 255
243 296 5466356 255
254 289 5466373 255
269 281 5466389 255
279 273 5466406 255
287 260 5466422 255
290 248 5466438 255
291 238 5466455 255
291 230 5466471 255
287 224 5466488 255
282 219 5466504 255
274 214 5466521 255
260 207 5466537 255
249 197 5466553 255
243 191 5466570 255
239 187 5466586 255
237 185 5466620 255
