35
249 177 5687920 255
240 177 5687983 255
237 180 5688000 255
233 187 5688016 255
226 206 5688032 255
215 218 5688049 255
201 249 5688065 255
193 269 5688082 255
187 298 5688098 255
186 309 5688115 255
186 318 5688131 255
186 329 5688147 255
191 341 5688164 255
195 349 5688180 255
208 358 5688197 255
222 363 5688213 255
232 363 5688230 255
242 362 5688246 255
254 355 5688262 255
263 350 5688279 255
273 342 5688295 255
278 336 5688312 255
283 326 5688328 255
284 317 5688345 255
285 307 5688361 255
279 296 5688377 255
270 285 5688394 255
264 278 5688410 255
256 273 5688427 255
251 271 5688443 255
246 270 5688460 255
239 273 5688476 255
227 275 5688492 255
217 278 5688509 255
213 279 5688553 255
