27
191 192 5712627 255
191 192 5712643 255
205 194 5712677 255
213 196 5712694 255
221 200 5712710 255
227 206 5712727 255
231 213 5712743 255
234 231 5712760 255
235 248 5712776 255
235 281 5712792 255
230 308 5712809 255
213 342 5712825 255
202 360 5712842 255
195 370 5712858 255
192 374 5712875 255
191 377 5712891 255
190 379 5712907 255
194 377 5712940 255
201 376 5712957 255
215 375 5712973 255
226 374 5712990 255
233 374 5713006 255
240 373 5713022 255
246 376 5713039 255
253 379 5713055 255
262 381 5713072 255
274 385 5713110 255
