53
283 129 5484250 255
271 126 5484297 255
266 125 5484313 255
258 125 5484330 255
252 125 5484346 255
245 127 5484363 255
239 130 5484379 255
233 135 5484396 255
227 142 5484412 255
220 150 5484428 255
211 164 5484445 255
203 180 5484461 255
200 195 5484478 255
199 205 5484494 255
199 209 5484511 255
206 216 5484527 255
217 221 5484543 255
226 225 5484560 255
234 227 5484576 255
242 227 5484593 255
248 225 5484609 255
257 223 5484626 255
264 220 5484642 255
274 214 5484658 255
280 205 5484675 255
287 193 5484691 255
291 183 5484708 255
294 177 5484724 255
297 171 5484741 255
298 168 5484757 255
298 165 5484773 255
298 161 5484790 255
298 158 5484806 255
295 155 5484823 255
295 154 5484839 255
295 153 5484856 255
295 155 5484888 255
295 158 5484905 255
296 161 5484921 255
297 166 5484938 255
298 175 5484954 255
298 189 5484971 255
298 203 5484987 255
298 222 5485003 255
299 249 5485020 255
300 268 5485036 255
300 289 5485053 255
300 305 5485069 255
300 312 5485086 255
298 315 5485102 255
297 318 5485118 255
296 319 5485135 255
296 319 5485170 255
