41
261 153 5693230 255
257 147 5693257 255
253 145 5693273 255
250 142 5693290 255
246 140 5693306 255
240 141 5693323 255
226 144 5693339 255
209 150 5693355 255
198 156 5693372 255
190 162 5693388 255
184 167 5693405 255
179 175 5693421 255
174 185 5693438 255
173 199 5693454 255
175 206 5693470 255
179 212 5693487 255
186 217 5693503 255
202 221 5693520 255
223 220 5693536 255
240 214 5693553 255
272 189 5693569 255
283 179 5693585 255
288 174 5693602 255
290 172 5693618 255
291 170 5693635 255
292 169 5693651 255
292 167 5693668 255
292 166 5693684 255
292 166 5693693 255
292 170 5693733 255
292 173 5693750 255
292 182 5693766 255
289 199 5693783 255
287 225 5693799 255
285 249 5693815 255
281 265 5693832 255
277 283 5693848 255
273 300 5693865 255
273 312 5693881 255
271 321 5693898 255
271 325 5693933 255
