35
142 189 5681230 255
147 183 5681264 255
157 181 5681280 255
170 180 5681296 255
180 178 5681313 255
188 178 5681329 255
196 180 5681346 255
205 183 5681362 255
223 199 5681379 255
232 207 5681395 255
239 217 5681412 255
244 231 5681428 255
245 250 5681444 255
241 266 5681461 255
234 295 5681477 255
219 316 5681494 255
205 329 5681510 255
195 345 5681526 255
189 355 5681543 255
186 361 5681559 255
185 363 5681576 255
185 365 5681592 255
185 366 5681609 255
185 366 5681618 255
192 361 5681642 255
204 356 5681658 255
220 352 5681674 255
233 350 5681691 255
247 348 5681707 255
263 348 5681724 255
274 351 5681740 255
282 354 5681757 255
287 357 5681773 255
290 358 5681789 255
292 361 5681823 255
