51
67 105 527582 255
65 101 527621 255
65 101 527632 255
66 100 527653 255
69 98 527670 255
72 97 527686 255
74 97 527697 255
77 96 527708 255
79 95 527718 255
86 93 527740 255
93 92 527751 255
104 92 527773 255
108 92 527779 255
114 94 527805 255
120 105 527827 255
122 110 527838 255
124 121 527860 255
123 128 527870 255
121 139 527888 255
119 146 527914 255
118 148 527925 255
108 150 527946 255
103 151 527957 255
96 151 527979 255
91 151 527996 255
90 151 528012 255
88 151 528033 255
88 150 528044 255
88 150 528066 255
95 149 528088 255
104 149 528105 255
109 150 528120 255
114 151 528131 255
128 152 528153 255
137 155 528174 255
140 158 528185 255
144 168 528207 255
146 172 528213 255
147 179 528240 255
145 187 528261 255
140 192 528272 255
131 200 528294 255
127 204 528305 255
117 208 528322 255
110 210 528337 255
104 211 528348 255
99 212 528359 255
91 213 528381 255
84 213 528392 255
72 210 528413 255
64 201 528458 255
