34
112 121 521318 255
106 121 521377 255
99 122 521394 255
96 122 521410 255
94 124 521421 255
89 132 521442 255
88 138 521453 255
86 142 521464 255
84 149 521475 255
83 167 521497 255
83 175 521503 255
84 198 521529 255
84 203 521540 255
85 210 521562 255
89 218 521584 255
95 223 521594 255
105 228 521612 255
109 228 521627 255
121 225 521649 255
133 221 521670 255
138 217 521681 255
145 202 521703 255
150 174 521720 255
150 166 521736 255
150 147 521757 255
149 140 521768 255
139 132 521790 255
134 129 521801 255
125 124 521822 255
118 123 521829 255
110 123 521844 255
105 123 521855 255
97 130 521877 255
94 137 521910 255
