29
74 107 220292 255
76 104 220309 255
79 102 220320 255
82 99 220341 255
85 98 220352 255
99 97 220374 255
114 96 220396 255
122 96 220406 255
135 96 220428 255
139 96 220439 255
146 97 220461 255
148 99 220472 255
149 109 220489 255
149 119 220515 255
149 127 220526 255
149 141 220548 255
148 157 220558 255
146 176 220580 255
142 200 220597 255
136 206 220613 255
130 213 220635 255
128 219 220645 255
125 228 220690 255
158 176 220865 255
159 172 220895 255
159 171 220906 255
155 170 220928 255
151 171 220939 255
131 168 220983 255
