38
91 89 214383 255
90 93 214465 255
89 97 214472 255
88 109 214498 255
87 116 214509 255
85 132 214530 255
84 139 214541 255
83 144 214552 255
81 152 214563 255
79 163 214580 255
79 167 214596 255
79 171 214617 255
79 172 214628 255
80 172 214639 255
82 171 214650 255
85 167 214672 255
96 164 214689 255
102 163 214704 255
107 162 214715 255
124 162 214737 255
136 162 214758 255
140 162 214769 255
145 167 214791 255
146 170 214825 255
138 95 215001 255
143 95 215052 255
143 99 215063 255
143 110 215084 255
144 126 215101 255
144 134 215117 255
145 154 215128 255
146 168 215139 255
146 176 215149 255
147 200 215171 255
147 205 215182 255
148 217 215204 255
148 223 215210 255
148 228 215248 255
