48
159 116 222116 255
157 109 222144 255
156 105 222155 255
154 100 222177 255
152 97 222188 255
141 92 222209 255
135 90 222216 255
121 87 222242 255
106 87 222264 255
101 88 222275 255
94 91 222296 255
92 92 222307 255
89 104 222324 255
89 114 222351 255
95 125 222361 255
110 146 222383 255
114 154 222394 255
128 175 222416 255
137 182 222433 255
140 193 222448 255
142 204 222470 255
140 207 222481 255
132 215 222503 255
129 221 222514 255
123 229 222535 255
113 227 222557 255
107 225 222568 255
99 221 222590 255
96 220 222600 255
92 212 222622 255
92 206 222633 255
92 201 222644 255
96 197 222650 255
105 191 222676 255
109 188 222687 255
123 174 222709 255
132 167 222720 255
139 162 222731 255
142 159 222742 255
150 142 222759 255
155 136 222774 255
159 127 222796 255
158 118 222807 255
156 110 222818 255
154 106 222828 255
151 99 222850 255
138 96 222867 255
133 94 222906 255
