40
94 96 531512 255
89 96 531584 255
88 101 531595 255
86 111 531612 255
85 116 531627 255
84 131 531649 255
83 137 531660 255
82 141 531671 255
82 144 531682 255
81 149 531703 255
81 151 531721 255
81 151 531736 255
82 151 531747 255
83 150 531758 255
84 148 531768 255
86 142 531790 255
92 141 531801 255
103 143 531823 255
107 145 531829 255
121 149 531855 255
133 155 531877 255
137 161 531888 255
142 173 531910 255
143 177 531921 255
137 195 531938 255
126 206 531964 255
123 208 531975 255
110 212 531996 255
104 213 532007 255
92 213 532029 255
77 205 532046 255
68 198 532062 255
63 194 532095 255
144 96 532314 255
138 96 532387 255
128 95 532405 255
119 95 532420 255
111 94 532431 255
98 94 532452 255
90 94 532486 255
