42
68 122 525736 255
70 117 525807 255
73 113 525818 255
77 106 525835 255
79 103 525851 255
84 99 525873 255
87 97 525883 255
94 96 525894 255
99 96 525905 255
108 95 525927 255
120 96 525944 255
126 101 525959 255
132 106 525970 255
140 113 525992 255
144 120 526014 255
146 126 526025 255
146 137 526046 255
141 141 526053 255
130 148 526079 255
103 166 526101 255
95 173 526111 255
79 179 526133 255
73 181 526144 255
65 183 526161 255
60 185 526187 255
59 186 526198 255
57 188 526220 255
57 191 526231 255
64 199 526253 255
74 204 526270 255
84 206 526285 255
99 208 526307 255
106 208 526318 255
124 208 526339 255
131 207 526350 255
136 206 526361 255
143 206 526378 255
145 206 526394 255
147 206 526405 255
150 207 526426 255
150 208 526437 255
151 209 526471 255
