47
152 102 537538 255
151 98 537566 255
151 98 537577 255
150 95 537599 255
143 92 537627 255
135 88 537649 255
126 86 537664 255
115 87 537681 255
107 88 537697 255
84 91 537714 255
74 98 537729 255
64 113 537751 255
65 116 537762 255
70 124 537773 255
78 138 537790 255
104 161 537816 255
113 175 537822 255
116 180 537844 255
121 187 537865 255
121 202 537887 255
120 205 537907 255
120 209 537908 255
119 213 537920 255
115 217 537951 255
109 221 537952 255
103 222 537972 255
99 223 537973 255
95 222 537994 255
93 221 537995 255
89 219 538017 255
88 217 538037 255
88 213 538038 255
88 210 538070 255
93 204 538071 255
104 196 538093 255
125 182 538114 255
137 170 538135 255
143 164 538146 255
149 156 538159 255
154 146 538189 255
158 137 538200 255
157 113 538222 255
155 105 538233 255
152 99 538254 255
146 97 538265 255
134 95 538279 255
123 94 538339 255
