56
88 121 161901 255
87 114 161951 255
87 110 161962 255
87 104 161984 255
88 100 162001 255
88 98 162016 255
90 97 162027 255
94 96 162038 255
99 96 162049 255
107 95 162071 255
110 95 162081 255
119 96 162103 255
125 100 162110 255
134 110 162136 255
139 118 162157 255
138 126 162168 255
130 141 162190 255
127 146 162201 255
124 150 162212 255
123 153 162218 255
120 157 162244 255
119 159 162255 255
118 161 162277 255
118 161 162288 255
118 162 162299 255
117 162 162310 255
117 162 162327 255
117 161 162342 255
118 160 162364 255
118 159 162375 255
120 159 162397 255
125 159 162407 255
130 159 162418 255
138 163 162435 255
141 167 162451 255
144 171 162462 255
147 177 162483 255
149 180 162494 255
149 183 162505 255
150 189 162516 255
150 200 162538 255
150 204 162544 255
148 209 162570 255
144 211 162581 255
139 213 162592 255
134 214 162603 255
126 216 162625 255
122 216 162636 255
108 216 162653 255
102 217 162668 255
98 216 162679 255
93 216 162690 255
79 216 162712 255
74 216 162722 255
66 216 162744 255
63 217 162789 255
