42
78 103 210407 255
80 100 210435 255
81 99 210446 255
83 97 210468 255
84 96 210479 255
91 94 210496 255
98 93 210511 255
103 92 210522 255
108 91 210533 255
124 91 210555 255
131 91 210566 255
140 93 210587 255
146 105 210604 255
148 111 210620 255
150 136 210642 255
150 146 210652 255
147 173 210674 255
138 181 210685 255
129 195 210696 255
124 203 210707 255
122 207 210713 255
119 209 210728 255
116 211 210739 255
107 214 210761 255
103 215 210772 255
100 215 210783 255
98 216 210794 255
96 216 210815 255
97 217 210822 255
104 217 210848 255
108 217 210859 255
110 217 210870 255
113 217 210881 255
126 217 210902 255
132 217 210913 255
146 218 210930 255
154 218 210946 255
166 219 210967 255
170 219 210978 255
174 219 210989 255
177 220 211000 255
179 220 211046 255
