24
59 66 108206440 255
64 66 108206480 255
70 67 108206496 255
87 67 108206512 255
110 65 108206528 255
122 64 108206544 255
157 60 108206568 255
167 56 108206576 255
175 53 108206600 255
178 54 108206616 255
180 57 108206632 255
173 69 108206656 255
158 100 108206664 255
128 148 108206688 255
124 153 108206704 255
119 171 108206720 255
119 175 108206736 255
118 179 108206744 255
119 183 108206752 255
122 195 108206800 255
114 121 108206888 255
125 123 108206952 255
133 123 108206960 255
145 123 108206992 255
