28
153 102 108204960 255
153 98 108204976 255
154 92 108204984 255
159 78 108205008 255
160 68 108205016 255
157 46 108205040 255
156 42 108205048 255
147 37 108205072 255
129 44 108205096 255
103 58 108205104 255
70 104 108205128 255
63 117 108205136 255
59 149 108205152 255
60 166 108205168 255
65 174 108205184 255
71 179 108205192 255
78 183 108205216 255
81 184 108205224 255
92 182 108205248 255
100 171 108205264 255
99 164 108205280 255
90 140 108205296 255
86 135 108205312 255
74 130 108205328 255
70 130 108205344 255
68 131 108205352 255
66 136 108205368 255
69 140 108205400 255
