33
88 149 108224968 255
88 145 108224984 255
89 139 108224992 255
98 121 108225016 255
112 84 108225024 255
119 63 108225048 255
121 53 108225056 255
124 46 108225072 255
125 42 108225080 255
128 37 108225104 255
129 36 108225112 255
128 40 108225136 255
127 46 108225144 255
119 113 108225168 255
118 137 108225192 255
117 144 108225200 255
116 157 108225224 255
115 162 108225232 255
112 170 108225256 255
106 173 108225272 255
102 174 108225288 255
97 176 108225312 255
95 177 108225320 255
92 179 108225344 255
91 181 108225360 255
94 182 108225384 255
99 182 108225400 255
104 182 108225408 255
109 182 108225416 255
118 182 108225432 255
138 181 108225448 255
148 181 108225464 255
156 181 108225496 255
