26
95 81 108608328 255
89 86 108608352 255
86 88 108608368 255
74 97 108608384 255
70 104 108608392 255
64 122 108608416 255
62 136 108608432 255
66 144 108608440 255
74 153 108608448 255
83 171 108608472 255
91 176 108608480 255
104 180 108608504 255
109 180 108608520 255
117 180 108608528 255
124 175 108608536 255
140 160 108608560 255
146 144 108608568 255
151 117 108608592 255
149 101 108608608 255
148 93 108608624 255
132 79 108608648 255
128 77 108608656 255
118 81 108608680 255
112 83 108608688 255
107 85 108608704 255
105 88 108608744 255
