34
127 7 108230128 255
124 11 108230208 255
121 20 108230224 255
119 30 108230240 255
113 42 108230248 255
91 89 108230272 255
88 98 108230280 255
86 107 108230288 255
84 114 108230304 255
80 135 108230320 255
80 140 108230328 255
82 146 108230352 255
83 148 108230368 255
86 149 108230376 255
93 150 108230384 255
107 151 108230408 255
117 151 108230424 255
133 150 108230440 255
140 150 108230456 255
146 150 108230464 255
152 150 108230472 255
159 149 108230496 255
161 149 108230504 255
160 146 108230536 255
114 94 108230608 255
116 102 108230672 255
116 108 108230680 255
115 127 108230696 255
115 155 108230712 255
114 186 108230736 255
114 198 108230744 255
115 203 108230760 255
115 207 108230768 255
116 209 108230800 255
