37
292 205 43524616 255
292 205 43524648 255
292 199 43524664 255
292 193 43524680 255
286 189 43524696 255
276 186 43524716 255
256 178 43524732 255
242 177 43524748 255
215 180 43524764 255
195 187 43524780 255
181 195 43524796 255
170 202 43524812 255
158 219 43524832 255
150 236 43524848 255
145 258 43524864 255
144 275 43524880 255
152 296 43524896 255
161 312 43524912 255
174 321 43524928 255
192 330 43524944 255
217 340 43524960 255
238 348 43524976 255
261 352 43524992 255
280 353 43525012 255
306 344 43525028 255
328 331 43525044 255
340 314 43525060 255
348 292 43525076 255
352 274 43525092 255
353 255 43525108 255
347 236 43525128 255
342 223 43525144 255
325 205 43525160 255
305 189 43525176 255
297 182 43525192 255
293 179 43525208 255
292 178 43525240 255
