40
136 157 43308416 255
149 150 43308456 255
171 143 43308472 255
199 139 43308488 255
236 133 43308504 255
274 129 43308524 255
294 127 43308540 255
323 123 43308556 255
330 122 43308584 255
122 164 43308756 255
122 164 43308768 255
122 159 43308784 255
124 159 43308800 255
127 163 43308820 255
131 169 43308836 255
133 187 43308852 255
134 206 43308868 255
134 217 43308884 255
132 235 43308900 255
131 247 43308916 255
131 255 43308936 255
131 259 43308952 255
131 262 43308968 255
131 263 43308980 255
135 256 43309000 255
159 245 43309016 255
179 238 43309032 255
203 236 43309048 255
231 242 43309064 255
262 254 43309080 255
287 270 43309096 255
310 302 43309112 255
321 321 43309132 255
322 343 43309148 255
313 362 43309164 255
301 373 43309180 255
269 381 43309196 255
246 383 43309212 255
204 377 43309228 255
165 364 43309284 255
