32
115 164 43303464 255
115 159 43303496 255
121 155 43303512 255
130 148 43303528 255
148 137 43303544 255
173 125 43303560 255
194 116 43303576 255
220 111 43303592 255
241 111 43303612 255
268 115 43303628 255
285 126 43303644 255
306 155 43303660 255
314 178 43303676 255
316 205 43303692 255
302 224 43303708 255
280 257 43303728 255
247 280 43303744 255
202 312 43303760 255
178 328 43303776 255
150 344 43303792 255
136 354 43303808 255
129 358 43303824 255
128 361 43303840 255
137 361 43303856 255
177 358 43303872 255
227 351 43303888 255
275 340 43303904 255
318 334 43303924 255
338 330 43303940 255
355 328 43303956 255
368 326 43303972 255
375 326 43304004 255
