39
143 137 43529576 255
143 132 43529612 255
146 128 43529628 255
150 125 43529644 255
161 120 43529660 255
176 116 43529676 255
197 114 43529692 255
223 116 43529708 255
254 127 43529728 255
278 140 43529744 255
289 156 43529760 255
293 167 43529776 255
293 187 43529792 255
282 209 43529808 255
255 228 43529824 255
229 242 43529840 255
207 249 43529856 255
194 250 43529872 255
185 248 43529888 255
183 244 43529904 255
183 240 43529924 255
186 237 43529940 255
195 234 43529956 255
218 233 43529972 255
239 239 43529988 255
268 254 43530004 255
284 266 43530020 255
296 288 43530040 255
302 308 43530056 255
303 320 43530072 255
297 336 43530088 255
284 360 43530104 255
260 377 43530120 255
244 383 43530136 255
216 389 43530152 255
199 385 43530168 255
177 377 43530184 255
161 366 43530200 255
156 358 43530240 255
