34
97 63 31973482 255
92 62 31973548 255
92 62 31973550 255
91 63 31973562 255
89 64 31973576 255
88 75 31973600 255
88 79 31973602 255
87 85 31973614 255
86 90 31973624 255
86 103 31973652 255
86 107 31973652 255
87 114 31973664 255
88 119 31973678 255
102 124 31973702 255
109 125 31973716 255
115 125 31973728 255
123 124 31973740 255
132 123 31973754 255
138 121 31973766 255
142 119 31973804 255
141 84 31973918 255
137 87 31973976 255
135 91 31973988 255
134 97 31974000 255
130 111 31974020 255
130 121 31974044 255
130 127 31974046 255
130 138 31974058 255
131 146 31974070 255
135 160 31974096 255
136 165 31974096 255
137 173 31974110 255
138 177 31974120 255
140 180 31974160 255
