32
118 93 31967472 255
121 90 31967524 255
121 89 31967536 255
120 86 31967548 255
119 83 31967576 255
119 82 31967588 255
118 85 31967600 255
115 89 31967626 255
106 96 31967640 255
99 105 31967652 255
90 118 31967676 255
88 127 31967692 255
86 138 31967704 255
84 152 31967728 255
85 158 31967740 255
86 167 31967756 255
96 177 31967780 255
105 179 31967792 255
112 180 31967804 255
133 165 31967832 255
140 159 31967844 255
147 138 31967868 255
148 130 31967884 255
148 119 31967894 255
145 102 31967920 255
138 96 31967932 255
131 90 31967946 255
122 85 31967972 255
120 84 31967984 255
118 86 31967996 255
115 92 31968022 255
114 93 31968052 255
