33
124 58 31592988 255
119 58 31593054 255
118 58 31593064 255
109 59 31593086 255
104 61 31593092 255
95 65 31593120 255
91 68 31593128 255
89 73 31593140 255
87 78 31593152 255
87 85 31593172 255
91 91 31593184 255
106 109 31593200 255
113 116 31593216 255
121 126 31593228 255
129 134 31593238 255
135 144 31593260 255
134 147 31593272 255
128 151 31593292 255
122 154 31593308 255
114 156 31593324 255
108 155 31593346 255
102 151 31593356 255
96 137 31593380 255
99 119 31593390 255
116 79 31593412 255
120 71 31593418 255
136 58 31593444 255
140 51 31593456 255
142 45 31593476 255
141 43 31593488 255
134 43 31593508 255
128 47 31593526 255
122 50 31593564 255
