34
188 145 12457094 255
190 136 12457104 255
192 123 12457128 255
190 118 12457142 255
187 109 12457154 255
173 94 12457180 255
162 89 12457192 255
149 86 12457204 255
124 81 12457232 255
116 81 12457244 255
109 83 12457256 255
105 85 12457268 255
104 87 12457268 255
104 99 12457282 255
109 113 12457294 255
114 131 12457308 255
134 175 12457332 255
146 203 12457348 255
158 224 12457360 255
166 241 12457372 255
170 255 12457384 255
172 264 12457396 255
162 274 12457424 255
156 274 12457440 255
149 268 12457454 255
143 252 12457474 255
142 235 12457486 255
142 215 12457498 255
147 176 12457524 255
155 154 12457538 255
165 136 12457550 255
182 107 12457574 255
190 98 12457588 255
195 93 12457638 255
