37
128 64 13030646 255
124 68 13030686 255
120 77 13030702 255
118 81 13030714 255
109 93 13030738 255
105 99 13030740 255
97 106 13030752 255
92 112 13030766 255
81 125 13030790 255
74 131 13030802 255
71 135 13030816 255
75 142 13030842 255
80 144 13030854 255
96 146 13030878 255
102 147 13030878 255
116 147 13030894 255
129 147 13030906 255
139 145 13030918 255
151 138 13030944 255
155 132 13030958 255
161 125 13030982 255
162 124 13030982 255
162 121 13030994 255
161 120 13031008 255
157 119 13031034 255
156 121 13031046 255
154 123 13031058 255
153 130 13031072 255
150 138 13031086 255
147 149 13031098 255
143 167 13031122 255
140 183 13031134 255
139 195 13031150 255
139 206 13031174 255
139 208 13031174 255
140 212 13031188 255
141 213 13031224 255
