34
42 91 12455446 255
50 87 12455462 255
60 85 12455474 255
72 79 12455486 255
107 64 12455514 255
125 61 12455526 255
137 60 12455540 255
147 65 12455550 255
156 72 12455566 255
160 77 12455578 255
160 84 12455602 255
159 87 12455602 255
155 96 12455614 255
151 106 12455630 255
141 127 12455654 255
130 151 12455666 255
124 166 12455680 255
120 186 12455694 255
116 204 12455706 255
113 221 12455718 255
109 234 12455732 255
106 246 12455742 255
102 257 12455758 255
99 265 12455806 255
90 165 12455912 255
90 159 12455924 255
90 156 12455938 255
99 153 12455956 255
108 152 12455970 255
124 152 12455982 255
142 152 12455994 255
159 153 12456006 255
186 153 12456032 255
193 154 12456074 255
