25
163 91 13004566 255
154 86 13004582 255
147 79 13004594 255
136 71 13004606 255
119 63 13004634 255
109 63 13004646 255
94 74 13004670 255
87 84 13004686 255
80 97 13004698 255
72 124 13004722 255
71 137 13004734 255
72 150 13004750 255
76 168 13004772 255
89 191 13004792 255
95 196 13004798 255
124 209 13004824 255
136 209 13004838 255
156 192 13004862 255
165 175 13004876 255
175 140 13004900 255
176 125 13004914 255
172 103 13004938 255
167 97 13004940 255
159 86 13004952 255
154 80 13004988 255
