36
149 119 13016706 255
148 115 13016728 255
148 110 13016730 255
146 101 13016742 255
140 96 13016754 255
133 92 13016768 255
127 90 13016780 255
122 89 13016794 255
116 89 13016806 255
103 96 13016832 255
99 100 13016832 255
94 106 13016846 255
90 112 13016858 255
86 128 13016882 255
87 137 13016896 255
90 143 13016908 255
110 151 13016934 255
124 153 13016946 255
136 152 13016960 255
156 139 13016986 255
163 131 13016998 255
168 124 13017010 255
170 116 13017038 255
169 115 13017050 255
162 117 13017074 255
159 121 13017090 255
157 127 13017102 255
152 144 13017126 255
151 155 13017138 255
150 168 13017152 255
148 195 13017178 255
148 207 13017190 255
147 221 13017202 255
147 238 13017228 255
147 242 13017230 255
147 254 13017266 255
