39
154 87 13011492 255
149 86 13011532 255
146 86 13011532 255
134 87 13011548 255
125 91 13011560 255
104 97 13011584 255
99 98 13011584 255
90 99 13011596 255
77 99 13011612 255
69 96 13011636 255
67 96 13011636 255
64 96 13011648 255
64 95 13011662 255
64 96 13011676 255
64 97 13011686 255
64 98 13011688 255
65 101 13011700 255
65 105 13011712 255
63 111 13011738 255
60 118 13011752 255
58 124 13011764 255
56 134 13011790 255
55 139 13011804 255
56 141 13011816 255
69 146 13011840 255
78 147 13011852 255
90 149 13011868 255
101 152 13011880 255
109 157 13011892 255
115 165 13011906 255
120 175 13011930 255
122 185 13011944 255
120 193 13011956 255
105 202 13011980 255
93 205 13011996 255
79 207 13012008 255
61 205 13012034 255
57 201 13012046 255
55 194 13012090 255
