28
60 108 120492360 255
59 103 120492368 255
59 100 120492384 255
59 95 120492408 255
62 91 120492416 255
72 80 120492440 255
76 75 120492448 255
95 69 120492472 255
101 68 120492480 255
109 67 120492496 255
116 67 120492504 255
126 72 120492528 255
129 78 120492536 255
126 100 120492560 255
121 117 120492568 255
112 134 120492584 255
106 144 120492592 255
98 158 120492616 255
95 164 120492624 255
94 169 120492648 255
94 175 120492656 255
97 181 120492672 255
101 187 120492680 255
112 194 120492696 255
119 195 120492712 255
133 194 120492736 255
139 192 120492744 255
146 189 120492776 255
