31
58 71 120017920 255
57 68 120017952 255
57 67 120017960 255
57 64 120017984 255
58 64 120017992 255
67 59 120018016 255
76 52 120018032 255
83 48 120018048 255
97 43 120018064 255
103 44 120018088 255
107 48 120018096 255
114 53 120018120 255
116 63 120018136 255
116 71 120018152 255
114 85 120018168 255
98 114 120018176 255
91 127 120018184 255
85 147 120018208 255
81 165 120018216 255
74 182 120018240 255
77 194 120018264 255
78 199 120018272 255
82 205 120018296 255
84 207 120018304 255
95 210 120018328 255
100 210 120018336 255
105 211 120018352 255
109 211 120018352 255
116 211 120018384 255
120 210 120018392 255
126 209 120018424 255
