31
189 411 3453758 255
184 402 3453774 255
179 384 3453791 255
177 353 3453807 255
181 335 3453823 255
190 318 3453840 255
207 305 3453856 255
223 299 3453873 255
236 303 3453889 255
250 313 3453906 255
258 319 3453922 255
262 324 3453938 255
259 336 3453955 255
248 357 3453971 255
236 385 3453988 255
220 416 3454004 255
212 433 3454021 255
202 454 3454037 255
200 467 3454053 255
200 474 3454070 255
201 477 3454086 255
203 479 3454103 255
204 477 3454119 255
206 455 3454136 255
201 434 3454152 255
196 408 3454168 255
194 393 3454185 255
193 383 3454201 255
191 376 3454218 255
191 370 3454234 255
191 364 3454267 255
