39
155 325 3210085 255
173 311 3210156 255
184 305 3210172 255
198 301 3210189 255
210 300 3210205 255
219 301 3210222 255
225 309 3210238 255
229 316 3210254 255
230 321 3210271 255
230 329 3210287 255
226 336 3210304 255
216 346 3210320 255
207 351 3210337 255
199 354 3210353 255
193 354 3210369 255
190 352 3210386 255
190 351 3210402 255
192 350 3210419 255
198 349 3210435 255
209 348 3210452 255
222 349 3210468 255
244 360 3210484 255
261 370 3210501 255
274 380 3210517 255
280 391 3210534 255
284 410 3210550 255
283 423 3210567 255
278 434 3210583 255
264 451 3210599 255
252 461 3210616 255
243 465 3210632 255
232 463 3210649 255
218 460 3210665 255
202 452 3210682 255
190 444 3210698 255
180 435 3210714 255
174 430 3210731 255
169 427 3210747 255
167 427 3210782 255
