43
263 349 3204639 255
254 342 3204681 255
248 340 3204698 255
242 339 3204714 255
236 339 3204731 255
228 342 3204747 255
220 346 3204763 255
209 354 3204780 255
201 365 3204796 255
196 376 3204813 255
193 387 3204829 255
191 401 3204846 255
190 412 3204862 255
190 420 3204878 255
190 428 3204895 255
194 433 3204911 255
198 438 3204928 255
204 441 3204944 255
210 443 3204961 255
219 445 3204977 255
225 448 3204993 255
232 451 3205010 255
238 451 3205026 255
252 444 3205043 255
270 436 3205059 255
285 430 3205076 255
295 425 3205092 255
305 418 3205108 255
316 403 3205125 255
320 393 3205141 255
320 386 3205158 255
314 377 3205174 255
307 372 3205191 255
301 367 3205207 255
296 361 3205223 255
290 354 3205240 255
284 349 3205256 255
274 343 3205273 255
264 340 3205289 255
255 337 3205306 255
249 334 3205322 255
246 333 3205338 255
245 332 3205377 255
