42
267 346 3455690 255
253 335 3455729 255
244 329 3455746 255
231 321 3455762 255
207 311 3455778 255
194 307 3455795 255
185 304 3455811 255
176 305 3455828 255
169 310 3455844 255
164 317 3455861 255
163 322 3455877 255
163 330 3455893 255
163 338 3455910 255
169 346 3455926 255
176 355 3455943 255
186 361 3455959 255
201 363 3455976 255
219 357 3455992 255
231 354 3456008 255
243 349 3456025 255
252 341 3456041 255
259 337 3456058 255
261 334 3456074 255
262 332 3456091 255
262 330 3456107 255
262 329 3456114 255
262 334 3456156 255
262 341 3456173 255
262 348 3456189 255
259 360 3456206 255
258 373 3456222 255
257 391 3456238 255
257 409 3456255 255
257 420 3456271 255
259 428 3456288 255
262 436 3456304 255
264 441 3456321 255
265 448 3456337 255
266 451 3456353 255
267 453 3456370 255
268 453 3456386 255
270 453 3456416 255
