27
76 71 2734805 255
69 71 2734846 255
67 71 2734856 255
63 72 2734878 255
62 73 2734889 255
67 82 2734906 255
72 88 2734921 255
76 94 2734932 255
94 112 2734943 255
118 135 2734965 255
138 155 2734976 255
144 172 2734997 255
145 188 2735014 255
137 205 2735030 255
124 220 2735051 255
111 224 2735073 255
104 224 2735084 255
85 214 2735105 255
66 185 2735123 255
62 155 2735161 255
77 79 2735226 255
82 77 2735268 255
84 76 2735279 255
94 75 2735300 255
109 74 2735318 255
118 73 2735333 255
127 71 2735367 255
