28
57 171 2299150 255
57 167 2299189 255
59 164 2299200 255
66 152 2299221 255
76 132 2299239 255
82 120 2299254 255
86 114 2299265 255
93 109 2299286 255
99 106 2299308 255
102 105 2299319 255
105 112 2299341 255
106 118 2299347 255
105 166 2299373 255
107 188 2299384 255
109 215 2299395 255
109 225 2299406 255
112 244 2299427 255
113 248 2299438 255
115 255 2299455 255
116 256 2299471 255
117 257 2299481 255
117 258 2299492 255
116 259 2299514 255
114 258 2299525 255
103 257 2299546 255
92 255 2299564 255
86 253 2299579 255
79 247 2299623 255
