34
107 74 2331263 255
102 74 2331279 255
99 74 2331290 255
95 74 2331311 255
94 74 2331322 255
91 76 2331339 255
89 87 2331366 255
88 94 2331376 255
85 115 2331398 255
82 134 2331409 255
79 151 2331431 255
79 157 2331448 255
81 159 2331463 255
84 162 2331485 255
89 163 2331496 255
101 164 2331517 255
117 170 2331539 255
136 186 2331556 255
142 197 2331571 255
144 206 2331582 255
137 217 2331604 255
126 224 2331626 255
118 225 2331636 255
104 227 2331658 255
99 226 2331664 255
90 218 2331691 255
88 213 2331724 255
112 74 2331855 255
120 76 2331918 255
127 78 2331929 255
143 78 2331946 255
152 76 2331961 255
170 70 2331983 255
189 58 2332017 255
