33
150 85 2311058 255
143 82 2311095 255
137 82 2311106 255
125 88 2311128 255
109 94 2311145 255
103 97 2311161 255
99 99 2311171 255
95 102 2311182 255
93 107 2311193 255
99 122 2311215 255
108 140 2311226 255
136 168 2311247 255
144 183 2311254 255
148 193 2311269 255
150 205 2311280 255
150 219 2311301 255
150 224 2311312 255
142 238 2311334 255
135 242 2311345 255
121 245 2311362 255
105 241 2311388 255
96 238 2311399 255
83 232 2311421 255
82 226 2311431 255
85 209 2311453 255
111 174 2311470 255
119 162 2311486 255
143 135 2311507 255
148 122 2311518 255
165 94 2311540 255
169 85 2311551 255
170 76 2311561 255
165 61 2311597 255
