27
127 63 2307881 255
122 66 2307943 255
120 71 2307954 255
115 87 2307971 255
103 109 2307986 255
88 147 2308008 255
85 157 2308019 255
84 165 2308030 255
82 175 2308040 255
82 191 2308062 255
85 206 2308079 255
94 213 2308095 255
100 215 2308105 255
105 216 2308116 255
113 215 2308127 255
132 207 2308149 255
139 202 2308160 255
150 185 2308181 255
152 179 2308188 255
151 171 2308214 255
144 165 2308235 255
137 163 2308246 255
124 164 2308268 255
116 165 2308279 255
109 168 2308290 255
103 173 2308296 255
95 183 2308345 255
