32
79 118 2709080 255
79 115 2709098 255
79 113 2709109 255
79 109 2709130 255
79 107 2709141 255
80 105 2709163 255
80 104 2709169 255
81 104 2709184 255
76 113 2709217 255
72 119 2709228 255
68 127 2709239 255
62 143 2709249 255
53 167 2709271 255
48 180 2709277 255
47 191 2709304 255
48 197 2709314 255
56 210 2709336 255
75 218 2709358 255
88 219 2709369 255
104 220 2709386 255
114 219 2709401 255
131 214 2709423 255
139 207 2709467 255
105 155 2709554 255
109 159 2709585 255
109 162 2709596 255
105 177 2709618 255
101 191 2709629 255
93 221 2709650 255
91 236 2709656 255
90 247 2709683 255
89 253 2709727 255
