55
59 128 194564864 255
58 123 194564976 255
59 120 194564976 255
64 115 194565008 255
67 113 194565008 255
74 109 194565040 255
77 108 194565040 255
82 107 194565072 255
86 106 194565088 255
90 106 194565104 255
98 105 194565120 255
102 105 194565136 255
107 106 194565152 255
109 106 194565168 255
111 107 194565184 255
113 109 194565184 255
115 115 194565216 255
116 121 194565232 255
117 124 194565248 255
117 126 194565248 255
117 128 194565264 255
118 130 194565280 255
117 138 194565296 255
117 143 194565312 255
114 153 194565328 255
109 158 194565328 255
99 175 194565360 255
90 187 194565376 255
86 190 194565392 255
75 196 194565408 255
71 198 194565424 255
67 201 194565440 255
64 203 194565440 255
60 207 194565472 255
59 208 194565488 255
57 211 194565504 255
57 211 194565520 255
57 211 194565520 255
59 210 194565552 255
63 209 194565568 255
72 207 194565584 255
75 207 194565600 255
82 207 194565616 255
94 208 194565648 255
106 211 194565664 255
112 213 194565680 255
119 214 194565680 255
130 216 194565712 255
134 217 194565712 255
137 218 194565728 255
139 218 194565744 255
143 219 194565760 255
144 219 194565776 255
145 219 194565792 255
145 220 194565824 255
