48
59 108 194609152 255
58 105 194609264 255
60 104 194609280 255
68 103 194609296 255
71 102 194609312 255
77 102 194609328 255
79 101 194609344 255
84 101 194609360 255
92 101 194609392 255
99 102 194609408 255
103 103 194609424 255
108 104 194609440 255
109 105 194609456 255
113 108 194609472 255
114 112 194609488 255
115 120 194609504 255
116 123 194609520 255
116 129 194609536 255
114 138 194609568 255
112 144 194609568 255
103 154 194609600 255
98 159 194609600 255
82 179 194609616 255
72 186 194609632 255
67 189 194609648 255
64 191 194609664 255
61 193 194609664 255
59 195 194609680 255
56 197 194609696 255
52 200 194609712 255
50 201 194609728 255
50 201 194609744 255
49 203 194609760 255
50 204 194609776 255
52 204 194609792 255
54 204 194609808 255
64 206 194609824 255
78 208 194609856 255
87 209 194609872 255
105 210 194609888 255
114 211 194609904 255
129 212 194609920 255
136 212 194609936 255
141 212 194609936 255
145 212 194609952 255
149 213 194609968 255
150 213 194609984 255
151 214 194610032 255
