47
297 117 361429 255
289 113 361509 255
281 115 361526 255
261 119 361542 255
247 126 361559 255
228 139 361575 255
213 152 361592 255
198 166 361608 255
189 185 361624 255
184 206 361641 255
177 225 361657 255
174 257 361674 255
173 277 361690 255
179 306 361707 255
184 324 361723 255
191 343 361739 255
203 360 361756 255
222 369 361772 255
238 375 361789 255
266 379 361805 255
282 377 361822 255
311 373 361838 255
335 361 361854 255
365 340 361871 255
382 325 361887 255
395 301 361904 255
400 286 361920 255
400 273 361937 255
394 260 361953 255
386 252 361969 255
375 245 361986 255
359 238 362002 255
350 233 362019 255
340 231 362035 255
321 230 362052 255
302 231 362068 255
281 238 362084 255
259 243 362101 255
244 247 362117 255
227 251 362134 255
209 258 362150 255
198 264 362167 255
190 268 362183 255
184 272 362199 255
179 275 362216 255
169 277 362232 255
164 277 362257 255
