32
168 313 351713 255
171 307 351751 255
173 303 351767 255
177 298 351783 255
181 289 351800 255
189 270 351816 255
204 242 351833 255
223 217 351849 255
234 194 351866 255
238 178 351882 255
240 166 351898 255
241 159 351915 255
242 151 351931 255
242 147 351948 255
242 146 351964 255
243 148 351981 255
243 153 351997 255
243 161 352013 255
244 174 352030 255
245 205 352046 255
246 235 352063 255
246 265 352079 255
246 293 352096 255
246 316 352112 255
247 342 352128 255
248 360 352145 255
249 372 352161 255
250 381 352178 255
252 396 352194 255
253 408 352211 255
254 415 352227 255
254 419 352253 255
