28
128 123 163318000 255
122 121 163318048 255
120 120 163318048 255
115 121 163318080 255
109 121 163318080 255
99 125 163318112 255
94 131 163318112 255
91 137 163318128 255
87 142 163318144 255
81 166 163318160 255
81 173 163318176 255
83 191 163318192 255
84 198 163318208 255
87 204 163318224 255
95 208 163318224 255
105 211 163318240 255
111 211 163318256 255
127 202 163318288 255
134 197 163318288 255
140 186 163318320 255
142 179 163318320 255
134 168 163318352 255
126 163 163318368 255
120 162 163318384 255
103 170 163318400 255
92 175 163318416 255
72 190 163318432 255
64 206 163318480 255
