37
125 126 163322960 255
130 123 163323008 255
133 122 163323008 255
138 117 163323040 255
140 114 163323040 255
142 108 163323072 255
135 103 163323088 255
131 101 163323104 255
119 98 163323120 255
111 98 163323136 255
97 97 163323152 255
88 100 163323168 255
74 106 163323184 255
66 112 163323216 255
64 115 163323216 255
68 119 163323248 255
73 121 163323248 255
85 122 163323280 255
93 123 163323280 255
100 123 163323296 255
108 123 163323296 255
125 122 163323328 255
130 122 163323344 255
139 121 163323360 255
141 120 163323376 255
143 120 163323376 255
144 120 163323392 255
145 122 163323408 255
145 123 163323424 255
145 133 163323456 255
145 138 163323456 255
145 150 163323488 255
146 165 163323504 255
147 176 163323520 255
147 182 163323536 255
147 188 163323552 255
148 193 163323584 255
