38
123 97 163282288 255
120 101 163282368 255
120 106 163282368 255
120 114 163282400 255
120 121 163282400 255
120 135 163282432 255
120 140 163282448 255
120 146 163282448 255
119 153 163282464 255
119 166 163282480 255
119 174 163282496 255
119 177 163282512 255
119 180 163282528 255
119 182 163282560 255
122 84 163282736 255
119 88 163282800 255
119 89 163282800 255
116 91 163282832 255
114 93 163282848 255
105 104 163282864 255
98 113 163282880 255
94 117 163282896 255
87 135 163282912 255
82 143 163282928 255
76 150 163282944 255
74 154 163282976 255
74 155 163282976 255
78 157 163283008 255
83 158 163283024 255
91 158 163283040 255
104 158 163283056 255
113 157 163283072 255
128 157 163283088 255
134 157 163283104 255
144 157 163283120 255
155 157 163283152 255
160 157 163283152 255
165 157 163283184 255
