37
83 124 163277568 255
83 121 163277664 255
84 118 163277680 255
85 111 163277696 255
87 108 163277712 255
96 103 163277728 255
100 102 163277744 255
104 102 163277760 255
108 104 163277760 255
113 111 163277792 255
114 114 163277792 255
117 125 163277808 255
118 132 163277824 255
118 138 163277840 255
117 144 163277856 255
113 165 163277872 255
106 173 163277888 255
96 184 163277904 255
86 198 163277920 255
77 203 163277936 255
69 207 163277952 255
66 209 163277968 255
62 210 163277984 255
61 211 163278000 255
61 211 163278016 255
66 211 163278032 255
71 209 163278048 255
75 208 163278064 255
92 205 163278080 255
99 205 163278096 255
118 207 163278112 255
125 208 163278128 255
132 210 163278128 255
136 211 163278144 255
144 212 163278160 255
146 213 163278176 255
148 213 163278224 255
