26
132 98 163810928 255
127 96 163810960 255
126 95 163810976 255
123 95 163810992 255
121 96 163811008 255
111 106 163811024 255
97 125 163811056 255
88 140 163811056 255
72 170 163811072 255
73 176 163811088 255
78 184 163811120 255
84 197 163811136 255
94 202 163811152 255
107 205 163811168 255
127 196 163811184 255
134 193 163811200 255
140 187 163811232 255
142 180 163811232 255
137 170 163811264 255
133 166 163811264 255
120 162 163811296 255
105 163 163811312 255
95 171 163811328 255
72 181 163811344 255
67 189 163811360 255
64 202 163811392 255
