24
119 124 163824224 255
114 121 163824288 255
110 122 163824304 255
102 124 163824320 255
99 130 163824336 255
92 144 163824352 255
86 161 163824368 255
81 191 163824384 255
83 206 163824416 255
84 210 163824416 255
94 223 163824432 255
100 225 163824448 255
111 223 163824480 255
127 214 163824496 255
137 203 163824512 255
145 178 163824528 255
145 162 163824544 255
136 145 163824560 255
125 131 163824576 255
122 129 163824592 255
109 124 163824624 255
103 123 163824624 255
92 123 163824656 255
86 124 163824688 255
