33
84 124 163312608 255
85 117 163312656 255
87 109 163312672 255
89 106 163312688 255
94 103 163312688 255
104 100 163312720 255
107 100 163312736 255
110 102 163312736 255
113 105 163312752 255
116 113 163312768 255
117 116 163312784 255
117 121 163312800 255
116 124 163312816 255
114 128 163312832 255
112 131 163312832 255
105 137 163312864 255
103 140 163312864 255
103 144 163312880 255
105 146 163312896 255
108 148 163312912 255
110 149 163312928 255
116 154 163312944 255
121 161 163312960 255
133 172 163312976 255
140 185 163312992 255
141 192 163313008 255
137 201 163313024 255
133 204 163313040 255
119 208 163313056 255
111 209 163313072 255
94 207 163313104 255
72 196 163313120 255
67 192 163313152 255
