31
109 100 163833520 255
114 107 163833568 255
114 112 163833584 255
116 126 163833600 255
116 134 163833616 255
118 166 163833632 255
119 175 163833648 255
119 185 163833664 255
119 195 163833664 255
120 202 163833696 255
120 205 163833696 255
119 206 163833728 255
111 100 163833872 255
113 107 163833952 255
111 111 163833968 255
103 121 163833984 255
99 127 163834000 255
92 140 163834016 255
90 144 163834032 255
88 152 163834048 255
87 162 163834080 255
88 166 163834080 255
95 171 163834112 255
101 172 163834112 255
109 171 163834128 255
119 169 163834144 255
147 164 163834160 255
159 162 163834176 255
171 161 163834192 255
179 162 163834208 255
185 163 163834240 255
