31
150 313 4845098 255
150 308 4845109 255
160 290 4845125 255
174 270 4845142 255
185 244 4845158 255
205 217 4845174 255
226 199 4845191 255
238 187 4845207 255
250 182 4845224 255
266 184 4845240 255
277 195 4845257 255
278 215 4845273 255
267 248 4845289 255
247 285 4845306 255
230 320 4845322 255
201 358 4845339 255
190 374 4845355 255
172 396 4845372 255
164 407 4845388 255
160 412 4845404 255
160 414 4845421 255
167 417 4845437 255
178 418 4845454 255
198 416 4845470 255
222 413 4845487 255
245 410 4845503 255
271 413 4845519 255
288 419 4845536 255
306 425 4845552 255
329 428 4845569 255
334 429 4845594 255
