31
296 160 5109687 255
287 158 5109730 255
276 157 5109746 255
259 162 5109763 255
246 167 5109779 255
223 183 5109796 255
199 207 5109812 255
175 238 5109828 255
155 272 5109845 255
144 301 5109861 255
140 329 5109878 255
140 353 5109894 255
146 372 5109911 255
158 388 5109927 255
173 396 5109943 255
196 401 5109960 255
225 395 5109976 255
253 383 5109993 255
279 369 5110009 255
295 350 5110026 255
303 337 5110042 255
305 330 5110058 255
302 326 5110075 255
295 325 5110091 255
273 329 5110108 255
251 337 5110124 255
234 346 5110141 255
219 354 5110157 255
209 362 5110173 255
206 368 5110190 255
205 370 5110217 255
