38
280 211 4859082 255
279 205 4859106 255
272 195 4859123 255
265 181 4859139 255
255 167 4859156 255
245 154 4859172 255
239 148 4859188 255
227 144 4859205 255
210 144 4859221 255
196 148 4859238 255
186 154 4859254 255
175 165 4859271 255
166 181 4859287 255
164 190 4859303 255
167 205 4859320 255
171 214 4859336 255
178 220 4859353 255
184 223 4859369 255
195 223 4859386 255
212 219 4859402 255
229 207 4859418 255
239 188 4859435 255
243 175 4859451 255
247 168 4859468 255
249 164 4859484 255
250 163 4859499 255
251 163 4859515 255
251 166 4859533 255
248 174 4859550 255
242 209 4859566 255
239 248 4859583 255
237 283 4859599 255
236 328 4859616 255
236 365 4859632 255
239 395 4859648 255
242 419 4859665 255
249 443 4859681 255
261 475 4859715 255
