38
300 194 4878862 255
300 194 4878895 255
300 194 4878911 255
300 194 4878920 255
291 189 4878960 255
287 187 4878977 255
276 184 4878993 255
260 182 4879010 255
244 189 4879026 255
222 197 4879043 255
198 213 4879059 255
177 231 4879075 255
153 252 4879092 255
140 276 4879108 255
128 307 4879125 255
120 328 4879141 255
118 348 4879158 255
122 368 4879174 255
130 389 4879190 255
138 401 4879207 255
158 414 4879223 255
178 420 4879240 255
207 422 4879256 255
233 416 4879273 255
261 407 4879289 255
288 388 4879305 255
318 364 4879322 255
337 340 4879338 255
346 306 4879355 255
352 284 4879371 255
357 256 4879388 255
352 235 4879404 255
348 224 4879420 255
341 214 4879437 255
325 206 4879453 255
305 206 4879470 255
278 215 4879486 255
263 219 4879515 255
