40
149 58 143670416 255
143 59 143670480 255
139 60 143670480 255
134 61 143670512 255
131 62 143670512 255
127 71 143670544 255
126 77 143670544 255
125 81 143670560 255
125 88 143670560 255
129 105 143670592 255
134 114 143670608 255
144 137 143670624 255
147 145 143670640 255
151 165 143670656 255
151 175 143670672 255
150 185 143670688 255
132 205 143670704 255
125 209 143670720 255
113 211 143670736 255
107 213 143670752 255
97 214 143670768 255
91 206 143670784 255
89 201 143670800 255
89 196 143670816 255
89 187 143670816 255
93 175 143670832 255
113 137 143670848 255
116 131 143670864 255
131 106 143670880 255
138 101 143670896 255
142 93 143670912 255
145 87 143670912 255
148 75 143670944 255
149 71 143670944 255
149 61 143670976 255
149 55 143670976 255
149 50 143670992 255
148 46 143670992 255
143 40 143671024 255
139 38 143671056 255
