44
158 106 143125312 255
154 103 143125344 255
153 102 143125360 255
150 100 143125376 255
144 99 143125392 255
131 99 143125408 255
115 98 143125440 255
108 98 143125456 255
98 99 143125472 255
94 101 143125488 255
89 105 143125504 255
88 112 143125520 255
87 115 143125536 255
86 119 143125552 255
86 122 143125568 255
86 131 143125584 255
86 140 143125616 255
86 146 143125632 255
86 148 143125648 255
87 150 143125664 255
88 151 143125680 255
89 152 143125696 255
91 152 143125696 255
95 152 143125712 255
103 153 143125728 255
106 153 143125744 255
111 154 143125760 255
114 154 143125776 255
116 155 143125792 255
120 155 143125792 255
129 161 143125824 255
132 165 143125824 255
136 173 143125840 255
135 176 143125856 255
132 178 143125872 255
129 180 143125888 255
121 183 143125904 255
114 184 143125920 255
103 186 143125936 255
96 187 143125952 255
93 187 143125968 255
90 187 143125984 255
89 186 143126000 255
89 185 143126032 255
