44
135 88 143099600 255
130 90 143099632 255
127 91 143099632 255
123 92 143099664 255
121 93 143099680 255
116 96 143099696 255
110 106 143099712 255
107 111 143099728 255
106 114 143099744 255
106 118 143099744 255
109 127 143099776 255
111 133 143099776 255
116 143 143099808 255
122 147 143099808 255
137 164 143099824 255
144 174 143099856 255
145 177 143099872 255
147 181 143099888 255
147 183 143099904 255
141 192 143099920 255
130 202 143099936 255
113 209 143099952 255
95 215 143099968 255
85 216 143099984 255
73 217 143100000 255
66 216 143100032 255
65 211 143100048 255
69 205 143100064 255
74 199 143100080 255
97 171 143100096 255
111 157 143100112 255
118 148 143100128 255
136 133 143100144 255
139 130 143100160 255
144 125 143100176 255
146 116 143100208 255
148 107 143100224 255
147 99 143100240 255
139 92 143100256 255
135 89 143100272 255
131 86 143100288 255
128 84 143100304 255
126 81 143100320 255
123 76 143100352 255
