41
147 86 143126880 255
148 89 143126912 255
148 90 143126928 255
148 90 143126944 255
147 90 143126960 255
140 92 143126976 255
131 97 143126992 255
128 100 143127008 255
121 110 143127040 255
115 118 143127056 255
104 135 143127072 255
99 143 143127088 255
94 162 143127104 255
93 170 143127120 255
93 178 143127136 255
96 184 143127168 255
99 186 143127168 255
105 189 143127200 255
111 190 143127216 255
114 189 143127232 255
117 188 143127232 255
119 188 143127248 255
123 187 143127264 255
130 185 143127280 255
134 181 143127296 255
139 171 143127312 255
141 166 143127328 255
144 158 143127344 255
146 147 143127376 255
146 143 143127376 255
145 137 143127408 255
142 135 143127408 255
137 136 143127424 255
133 135 143127424 255
125 137 143127456 255
121 138 143127472 255
112 143 143127488 255
108 145 143127504 255
103 149 143127520 255
101 151 143127536 255
99 152 143127584 255
