25
93 89 143092976 255
90 86 143093024 255
90 87 143093024 255
96 89 143093056 255
109 91 143093072 255
119 91 143093088 255
127 92 143093104 255
134 92 143093104 255
150 94 143093136 255
156 95 143093136 255
164 99 143093168 255
167 104 143093168 255
166 109 143093184 255
162 121 143093184 255
134 159 143093216 255
123 177 143093232 255
117 183 143093248 255
112 185 143093264 255
103 192 143093280 255
98 198 143093296 255
96 202 143093312 255
95 206 143093344 255
95 207 143093344 255
97 208 143093376 255
100 209 143093408 255
