28
191 184 3782368 255
191 177 3782381 255
197 172 3782398 255
224 152 3782414 255
236 141 3782430 255
249 137 3782447 255
265 136 3782463 255
277 150 3782480 255
280 167 3782496 255
264 204 3782513 255
253 223 3782529 255
244 242 3782545 255
242 248 3782562 255
241 251 3782578 255
241 252 3782595 255
245 250 3782611 255
262 247 3782628 255
276 245 3782644 255
296 254 3782660 255
321 268 3782677 255
335 290 3782693 255
338 313 3782710 255
333 334 3782726 255
308 362 3782743 255
291 380 3782759 255
251 406 3782775 255
228 412 3782792 255
199 409 3782835 255
