35
237 369 763616 255
227 375 763714 255
221 377 763730 255
213 381 763746 255
203 390 763763 255
195 408 763779 255
191 424 763796 255
189 438 763812 255
189 450 763829 255
190 458 763845 255
193 463 763861 255
200 468 763878 255
213 471 763894 255
227 472 763911 255
240 468 763927 255
255 465 763944 255
269 461 763960 255
279 457 763976 255
287 449 763993 255
291 445 764009 255
293 442 764026 255
294 437 764042 255
294 431 764059 255
294 421 764075 255
290 397 764091 255
286 385 764108 255
278 374 764124 255
267 360 764141 255
259 353 764157 255
252 350 764174 255
247 348 764190 255
244 348 764206 255
241 350 764223 255
238 354 764239 255
236 359 764279 255
