29
231 404 1044459 255
223 406 1044489 255
219 408 1044505 255
213 412 1044521 255
204 421 1044538 255
198 428 1044554 255
194 434 1044571 255
192 448 1044587 255
191 464 1044604 255
196 474 1044620 255
203 478 1044636 255
211 481 1044653 255
222 483 1044669 255
230 484 1044686 255
237 484 1044702 255
245 485 1044719 255
263 480 1044735 255
277 472 1044751 255
284 462 1044768 255
287 452 1044784 255
286 446 1044801 255
282 440 1044817 255
275 435 1044834 255
271 430 1044850 255
267 426 1044866 255
261 424 1044883 255
255 424 1044899 255
252 427 1044916 255
247 430 1044950 255
