51
211 373 821890 255
211 367 821926 255
211 364 821943 255
211 362 821959 255
211 360 821976 255
215 356 821992 255
221 352 822009 255
227 350 822025 255
232 349 822041 255
237 351 822058 255
242 352 822074 255
254 354 822091 255
269 356 822107 255
277 358 822124 255
282 363 822140 255
284 367 822157 255
285 371 822173 255
281 375 822189 255
271 385 822206 255
252 412 822222 255
245 425 822239 255
240 445 822255 255
236 459 822272 255
234 469 822288 255
232 475 822304 255
231 480 822321 255
231 485 822337 255
233 488 822354 255
236 490 822370 255
240 494 822387 255
247 496 822403 255
256 497 822419 255
269 492 822436 255
278 488 822452 255
283 485 822469 255
286 481 822485 255
286 473 822502 255
285 456 822518 255
274 442 822534 255
262 431 822551 255
249 418 822567 255
241 402 822584 255
236 394 822600 255
227 388 822617 255
220 385 822633 255
216 383 822649 255
214 379 822666 255
213 377 822682 255
213 375 822699 255
213 374 822711 255
219 377 822751 255
