38
260 359 804181 255
250 359 804232 255
247 362 804249 255
244 365 804265 255
242 368 804282 255
239 373 804298 255
236 378 804315 255
230 392 804331 255
229 409 804347 255
228 422 804364 255
227 436 804380 255
228 451 804397 255
232 465 804413 255
235 471 804430 255
236 474 804446 255
240 475 804462 255
245 476 804479 255
257 477 804495 255
272 474 804512 255
282 471 804528 255
288 465 804545 255
291 459 804561 255
295 451 804577 255
300 440 804594 255
309 430 804610 255
316 407 804627 255
317 396 804643 255
313 387 804660 255
309 379 804676 255
303 372 804692 255
298 365 804709 255
293 360 804725 255
289 358 804742 255
282 356 804758 255
275 355 804775 255
269 354 804791 255
266 354 804807 255
265 366 804845 255
