44
201 360 1018311 255
201 354 1018351 255
204 352 1018367 255
216 352 1018384 255
229 352 1018400 255
241 351 1018417 255
256 350 1018433 255
275 345 1018450 255
283 343 1018466 255
288 342 1018482 255
290 341 1018521 255
215 375 1018681 255
209 381 1018778 255
209 383 1018795 255
209 391 1018811 255
209 397 1018827 255
209 402 1018844 255
209 407 1018860 255
209 414 1018877 255
209 419 1018893 255
213 421 1018910 255
217 421 1018926 255
224 419 1018942 255
231 418 1018959 255
237 420 1018975 255
244 424 1018992 255
255 428 1019008 255
272 432 1019025 255
281 436 1019041 255
288 444 1019057 255
292 457 1019074 255
293 465 1019090 255
294 471 1019107 255
294 476 1019123 255
290 480 1019140 255
273 485 1019156 255
256 489 1019172 255
245 491 1019189 255
234 491 1019205 255
222 492 1019222 255
214 494 1019238 255
210 494 1019255 255
208 494 1019271 255
207 494 1019299 255
