38
196 415 1010393 255
198 410 1010416 255
202 407 1010432 255
206 402 1010449 255
211 394 1010465 255
217 388 1010482 255
225 380 1010498 255
230 375 1010514 255
234 369 1010531 255
237 363 1010547 255
239 360 1010564 255
240 359 1010580 255
241 360 1010597 255
241 364 1010613 255
242 368 1010629 255
243 374 1010646 255
245 384 1010662 255
249 399 1010679 255
251 416 1010695 255
251 424 1010712 255
254 433 1010728 255
256 442 1010744 255
257 449 1010761 255
258 454 1010777 255
258 459 1010794 255
258 470 1010810 255
259 477 1010827 255
260 482 1010843 255
260 490 1010859 255
261 494 1010876 255
261 497 1010892 255
261 498 1010909 255
261 499 1010925 255
261 501 1010942 255
261 501 1010956 255
262 502 1010972 255
263 502 1010991 255
264 503 1011017 255
