37
293 368 1061259 255
273 368 1061312 255
259 362 1061328 255
250 360 1061345 255
244 362 1061361 255
239 364 1061378 255
235 368 1061394 255
229 373 1061411 255
225 378 1061427 255
224 381 1061443 255
229 384 1061460 255
234 389 1061476 255
239 393 1061493 255
250 393 1061509 255
273 388 1061526 255
285 383 1061542 255
292 379 1061558 255
297 373 1061575 255
299 368 1061591 255
300 367 1061608 255
297 373 1061641 255
296 377 1061657 255
294 392 1061673 255
293 415 1061690 255
292 424 1061706 255
291 440 1061723 255
291 466 1061739 255
291 480 1061756 255
289 503 1061772 255
288 516 1061788 255
284 526 1061805 255
277 531 1061821 255
270 533 1061838 255
264 534 1061854 255
260 534 1061871 255
257 534 1061883 255
258 532 1061924 255
