55
313 341 380329 255
304 336 380372 255
301 333 380389 255
297 330 380405 255
294 327 380422 255
290 324 380438 255
285 322 380455 255
273 320 380471 255
258 320 380487 255
249 321 380504 255
244 323 380520 255
240 325 380537 255
237 327 380553 255
236 329 380570 255
236 333 380586 255
237 340 380602 255
241 347 380619 255
249 358 380635 255
261 367 380652 255
275 372 380668 255
283 376 380685 255
289 377 380701 255
296 378 380717 255
308 375 380734 255
317 372 380750 255
322 367 380767 255
326 359 380783 255
328 353 380800 255
331 346 380816 255
333 343 380832 255
333 341 380849 255
330 341 380865 255
328 345 380882 255
327 347 380898 255
326 349 380915 255
324 361 380931 255
321 374 380947 255
318 391 380964 255
315 413 380980 255
309 432 380997 255
305 451 381013 255
301 471 381030 255
299 478 381046 255
296 483 381062 255
293 487 381079 255
290 491 381095 255
286 495 381112 255
277 500 381128 255
269 501 381145 255
259 502 381161 255
253 502 381177 255
249 497 381194 255
246 493 381210 255
246 490 381227 255
246 490 381257 255
