33
225 381 661485 255
221 387 661555 255
221 395 661571 255
220 404 661588 255
218 414 661604 255
214 421 661620 255
210 427 661637 255
209 432 661653 255
208 438 661670 255
208 444 661686 255
208 452 661703 255
210 461 661719 255
213 467 661735 255
217 470 661752 255
226 472 661768 255
234 469 661785 255
243 465 661801 255
256 463 661818 255
273 463 661834 255
281 462 661850 255
286 464 661867 255
289 466 661883 255
291 467 661900 255
291 467 661908 255
291 469 661956 255
280 429 662139 255
271 435 662195 255
269 447 662212 255
267 468 662228 255
265 478 662245 255
265 484 662261 255
267 492 662278 255
275 511 662310 255
