26
77 181 178189552 255
79 178 178189568 255
81 173 178189568 255
83 164 178189584 255
87 155 178189600 255
107 126 178189632 255
114 109 178189632 255
117 102 178189648 255
118 100 178189664 255
123 96 178189680 255
127 94 178189696 255
129 94 178189712 255
131 94 178189728 255
132 94 178189728 255
133 97 178189744 255
133 108 178189760 255
134 113 178189776 255
133 129 178189808 255
134 136 178189808 255
134 160 178189840 255
140 176 178189856 255
141 180 178189872 255
142 188 178189888 255
142 190 178189904 255
142 191 178189904 255
141 191 178189936 255
