34
77 127 178192448 255
81 123 178192480 255
83 120 178192496 255
89 112 178192528 255
101 105 178192544 255
106 104 178192560 255
116 106 178192576 255
120 110 178192592 255
127 119 178192608 255
126 123 178192624 255
122 135 178192640 255
119 139 178192640 255
104 147 178192672 255
96 150 178192688 255
93 152 178192704 255
90 153 178192720 255
90 154 178192736 255
94 155 178192752 255
100 156 178192752 255
112 165 178192784 255
122 171 178192800 255
136 180 178192816 255
140 183 178192832 255
143 190 178192832 255
144 196 178192848 255
141 204 178192864 255
135 207 178192880 255
120 210 178192896 255
112 211 178192912 255
104 212 178192928 255
88 209 178192944 255
82 206 178192960 255
79 200 178192976 255
81 198 178193008 255
