30
87 90 177778848 255
94 89 177778912 255
99 88 177778928 255
109 85 177778944 255
114 85 177778960 255
127 87 177778976 255
132 88 177778992 255
138 91 177779008 255
142 99 177779040 255
144 105 177779040 255
145 119 177779072 255
145 130 177779072 255
144 139 177779088 255
143 155 177779088 255
135 175 177779120 255
133 178 177779136 255
130 183 177779152 255
128 185 177779168 255
126 187 177779184 255
125 190 177779232 255
116 170 177779328 255
116 166 177779344 255
116 165 177779360 255
118 163 177779376 255
126 160 177779392 255
131 159 177779408 255
136 159 177779424 255
140 158 177779440 255
145 157 177779440 255
159 155 177779488 255
