43
140 98 177762112 255
134 97 177762144 255
131 97 177762160 255
126 97 177762176 255
124 97 177762192 255
120 101 177762208 255
118 106 177762224 255
116 110 177762224 255
111 114 177762240 255
103 125 177762256 255
98 134 177762272 255
93 146 177762288 255
90 160 177762304 255
89 165 177762320 255
89 174 177762352 255
89 178 177762352 255
90 189 177762384 255
94 195 177762400 255
98 199 177762400 255
107 206 177762416 255
111 209 177762432 255
119 210 177762464 255
126 211 177762464 255
139 208 177762496 255
150 202 177762496 255
166 192 177762528 255
171 187 177762528 255
176 170 177762560 255
178 163 177762576 255
178 158 177762592 255
178 146 177762608 255
178 141 177762624 255
177 137 177762624 255
174 133 177762640 255
166 127 177762656 255
162 122 177762672 255
157 113 177762688 255
155 109 177762704 255
153 104 177762720 255
151 101 177762752 255
150 100 177762768 255
149 99 177762768 255
149 99 177762816 255
