33
115 148 178226768 255
115 144 178226800 255
116 141 178226800 255
118 136 178226832 255
119 133 178226832 255
123 129 178226864 255
128 122 178226880 255
128 115 178226896 255
125 106 178226912 255
123 103 178226928 255
116 99 178226944 255
104 97 178226960 255
99 98 178226976 255
93 106 178227008 255
90 114 178227024 255
89 119 178227040 255
91 131 178227056 255
96 133 178227072 255
106 132 178227088 255
110 130 178227104 255
120 126 178227120 255
127 122 178227136 255
129 121 178227152 255
131 122 178227168 255
132 123 178227184 255
130 133 178227200 255
129 139 178227216 255
127 147 178227232 255
125 159 178227232 255
122 184 178227264 255
122 194 178227264 255
122 203 178227296 255
123 206 178227328 255
