48
120 65 177771792 255
118 72 177771872 255
117 77 177771888 255
115 81 177771904 255
109 91 177771920 255
104 98 177771936 255
99 106 177771936 255
96 112 177771952 255
92 119 177771968 255
91 122 177771984 255
89 130 177772000 255
89 134 177772016 255
89 138 177772032 255
90 141 177772048 255
99 146 177772064 255
103 147 177772080 255
109 149 177772096 255
112 150 177772112 255
115 151 177772144 255
118 152 177772144 255
124 153 177772176 255
125 153 177772176 255
127 154 177772192 255
128 154 177772208 255
128 154 177772224 255
128 154 177772240 255
129 153 177772256 255
131 148 177772272 255
136 140 177772288 255
139 134 177772304 255
141 132 177772320 255
143 129 177772352 255
143 128 177772352 255
144 128 177772384 255
144 127 177772384 255
144 127 177772400 255
144 128 177772416 255
144 132 177772432 255
144 136 177772448 255
143 144 177772464 255
143 147 177772480 255
141 156 177772496 255
140 162 177772512 255
137 167 177772512 255
135 172 177772544 255
131 179 177772560 255
130 181 177772576 255
129 192 177772608 255
