34
211 195 44353204 255
202 200 44353236 255
199 206 44353252 255
198 213 44353268 255
186 247 44353284 255
169 279 44353304 255
152 320 44353320 255
145 349 44353336 255
143 368 44353352 255
142 386 44353368 255
145 404 44353384 255
155 414 44353400 255
172 423 44353416 255
191 428 44353432 255
215 429 44353448 255
230 428 44353464 255
242 417 44353484 255
263 388 44353500 255
282 358 44353516 255
289 324 44353532 255
295 283 44353548 255
300 251 44353564 255
301 224 44353580 255
298 202 44353600 255
293 182 44353616 255
285 172 44353632 255
273 167 44353648 255
258 165 44353664 255
249 165 44353680 255
242 167 44353696 255
234 170 44353712 255
220 180 44353728 255
207 201 44353744 255
204 207 44353772 255
