58
128 267 44321476 255
128 267 44321508 255
136 263 44321524 255
142 259 44321540 255
163 249 44321556 255
181 240 44321572 255
201 234 44321588 255
216 230 44321608 255
232 228 44321624 255
247 228 44321640 255
262 233 44321656 255
272 238 44321672 255
279 250 44321688 255
281 259 44321704 255
282 265 44321720 255
282 269 44321736 255
277 276 44321752 255
264 291 44321768 255
249 310 44321788 255
234 319 44321804 255
214 327 44321820 255
198 336 44321836 255
185 342 44321852 255
174 345 44321868 255
168 346 44321884 255
164 347 44321904 255
163 347 44321920 255
169 346 44321952 255
176 345 44321968 255
184 341 44321984 255
193 338 44322000 255
206 334 44322016 255
216 334 44322032 255
227 339 44322048 255
238 346 44322064 255
247 351 44322080 255
260 356 44322100 255
272 364 44322116 255
280 369 44322132 255
283 373 44322148 255
286 378 44322164 255
286 384 44322180 255
286 391 44322196 255
284 399 44322216 255
274 415 44322232 255
259 429 44322248 255
244 445 44322264 255
232 452 44322280 255
215 457 44322296 255
203 459 44322312 255
191 457 44322328 255
178 452 44322344 255
165 444 44322360 255
154 439 44322376 255
145 435 44322392 255
138 431 44322412 255
135 430 44322428 255
134 430 44322456 255
