39
196 191 44572144 255
194 202 44572208 255
194 210 44572224 255
194 227 44572240 255
193 250 44572260 255
193 260 44572276 255
193 265 44572292 255
196 266 44572308 255
203 266 44572324 255
215 266 44572340 255
229 266 44572356 255
241 267 44572376 255
252 271 44572392 255
260 277 44572408 255
270 292 44572424 255
275 309 44572440 255
276 330 44572456 255
268 351 44572472 255
256 369 44572488 255
246 379 44572504 255
231 386 44572520 255
216 389 44572536 255
203 389 44572552 255
192 386 44572572 255
183 383 44572588 255
170 365 44572604 255
155 325 44572636 255
205 197 44572808 255
215 195 44572868 255
233 192 44572884 255
260 188 44572900 255
279 184 44572916 255
292 183 44572932 255
305 181 44572948 255
317 181 44572964 255
325 181 44572984 255
328 183 44573000 255
329 186 44573016 255
329 187 44573040 255
