38
148 150 44362072 255
148 157 44362092 255
145 183 44362108 255
141 212 44362124 255
137 250 44362140 255
134 289 44362156 255
131 315 44362172 255
131 333 44362192 255
131 347 44362208 255
131 360 44362224 255
135 366 44362240 255
144 370 44362256 255
166 374 44362272 255
197 373 44362288 255
227 369 44362304 255
254 360 44362320 255
276 356 44362336 255
289 354 44362352 255
296 352 44362372 255
300 351 44362388 255
299 355 44362420 255
299 358 44362452 255
239 217 44362576 255
239 217 44362616 255
234 238 44362632 255
224 275 44362648 255
216 313 44362664 255
209 349 44362684 255
206 368 44362700 255
205 390 44362716 255
206 410 44362732 255
211 420 44362748 255
212 425 44362764 255
214 429 44362780 255
215 431 44362800 255
215 432 44362816 255
217 432 44362832 255
218 432 44362856 255
