30
169 164 44604552 255
169 164 44604576 255
169 175 44604592 255
163 209 44604608 255
159 246 44604624 255
158 269 44604640 255
158 301 44604656 255
162 313 44604672 255
170 323 44604688 255
180 328 44604704 255
204 330 44604720 255
229 330 44604736 255
260 326 44604756 255
282 322 44604772 255
296 321 44604788 255
305 321 44604804 255
309 321 44604820 255
309 321 44604852 255
243 222 44604980 255
243 228 44605016 255
243 238 44605032 255
243 269 44605052 255
243 314 44605068 255
239 351 44605084 255
238 373 44605100 255
238 395 44605116 255
238 408 44605132 255
238 412 44605148 255
238 414 44605160 255
238 414 44605196 255
