37
145 242 44330580 255
152 242 44330608 255
167 242 44330624 255
189 242 44330640 255
220 239 44330656 255
244 237 44330676 255
265 234 44330692 255
278 238 44330708 255
284 242 44330724 255
286 247 44330740 255
286 255 44330756 255
286 261 44330772 255
283 268 44330792 255
264 299 44330808 255
252 322 44330824 255
239 359 44330840 255
229 379 44330856 255
209 411 44330872 255
200 430 44330888 255
194 451 44330904 255
190 466 44330920 255
188 475 44330936 255
187 481 44330952 255
187 485 44330968 255
186 486 44331024 255
188 354 44331172 255
204 351 44331216 255
227 352 44331232 255
263 350 44331248 255
288 352 44331264 255
307 350 44331284 255
320 349 44331300 255
329 349 44331316 255
333 349 44331332 255
335 350 44331348 255
335 350 44331364 255
335 352 44331392 255
