36
291 192 44328496 255
285 197 44328556 255
279 202 44328572 255
269 211 44328588 255
255 225 44328604 255
241 245 44328620 255
220 265 44328640 255
199 299 44328656 255
188 321 44328672 255
177 348 44328688 255
166 372 44328704 255
158 395 44328720 255
156 414 44328736 255
158 428 44328752 255
167 443 44328768 255
175 457 44328784 255
183 463 44328800 255
190 467 44328816 255
201 468 44328836 255
213 461 44328852 255
221 456 44328868 255
225 449 44328884 255
229 441 44328900 255
237 420 44328916 255
241 401 44328932 255
243 388 44328952 255
243 375 44328968 255
243 361 44328984 255
238 354 44329000 255
231 349 44329016 255
219 345 44329032 255
205 345 44329048 255
196 344 44329064 255
189 347 44329080 255
184 349 44329096 255
183 351 44329128 255
