25
120 312 1345848 255
140 317 1345921 255
161 317 1345938 255
182 311 1345954 255
206 297 1345970 255
219 291 1345987 255
225 287 1346003 255
228 286 1346020 255
229 286 1346036 255
230 302 1346053 255
222 318 1346069 255
208 353 1346085 255
198 379 1346102 255
192 412 1346118 255
189 432 1346135 255
185 467 1346151 255
183 480 1346168 255
182 491 1346184 255
182 499 1346227 255
240 372 1346372 255
222 377 1346414 255
202 380 1346430 255
178 383 1346447 255
156 388 1346463 255
136 388 1346507 255
