43
176 524 1505047 255
159 517 1505081 255
147 509 1505098 255
132 497 1505114 255
118 490 1505131 255
104 484 1505147 255
97 479 1505164 255
93 476 1505180 255
91 475 1505196 255
90 474 1505207 255
108 479 1505246 255
122 482 1505262 255
143 487 1505279 255
164 490 1505295 255
183 490 1505311 255
205 487 1505328 255
222 483 1505344 255
234 474 1505361 255
242 454 1505377 255
244 443 1505394 255
244 432 1505410 255
237 424 1505426 255
222 412 1505443 255
208 407 1505459 255
200 406 1505476 255
194 406 1505492 255
190 409 1505509 255
188 411 1505525 255
187 411 1505539 255
191 402 1505558 255
206 386 1505574 255
219 366 1505591 255
223 344 1505607 255
216 331 1505624 255
200 310 1505640 255
191 299 1505656 255
179 292 1505673 255
159 293 1505689 255
148 299 1505706 255
138 310 1505722 255
133 317 1505739 255
130 325 1505755 255
129 328 1505785 255
