30
288 281 1348633 255
278 272 1348665 255
259 266 1348681 255
244 264 1348698 255
224 264 1348714 255
209 272 1348730 255
197 295 1348747 255
193 315 1348763 255
193 339 1348780 255
203 360 1348796 255
214 370 1348813 255
226 374 1348829 255
246 374 1348845 255
268 359 1348862 255
280 343 1348878 255
284 335 1348895 255
285 329 1348911 255
285 325 1348928 255
285 323 1348944 255
282 323 1348960 255
278 328 1348977 255
266 356 1348993 255
260 374 1349010 255
255 407 1349026 255
251 431 1349043 255
249 459 1349059 255
248 474 1349075 255
247 485 1349092 255
246 492 1349108 255
245 498 1349148 255
