27
49 66 3211758 255
60 67 3211810 255
67 66 3211816 255
89 68 3211842 255
101 70 3211853 255
129 78 3211875 255
142 90 3211886 255
149 97 3211896 255
152 101 3211907 255
152 119 3211924 255
151 126 3211940 255
149 149 3211961 255
148 158 3211972 255
145 173 3211983 255
139 183 3211994 255
131 195 3212015 255
128 209 3212033 255
128 213 3212048 255
129 216 3212082 255
116 140 3212201 255
124 139 3212243 255
130 138 3212254 255
145 139 3212276 255
154 139 3212286 255
167 142 3212308 255
174 143 3212319 255
181 143 3212354 255
