42
118 43 2880540 255
109 42 2880578 255
104 41 2880588 255
96 42 2880610 255
91 44 2880627 255
89 47 2880643 255
86 52 2880654 255
84 56 2880664 255
84 61 2880675 255
84 69 2880697 255
84 76 2880708 255
87 88 2880729 255
94 96 2880736 255
112 123 2880762 255
117 132 2880784 255
122 142 2880795 255
134 156 2880816 255
136 159 2880827 255
134 169 2880844 255
128 179 2880870 255
125 183 2880881 255
119 188 2880903 255
111 189 2880914 255
105 189 2880925 255
100 185 2880936 255
91 178 2880953 255
84 174 2880968 255
77 162 2880990 255
78 154 2881001 255
82 139 2881022 255
93 116 2881044 255
109 104 2881061 255
113 95 2881076 255
118 88 2881087 255
132 80 2881109 255
138 75 2881131 255
140 72 2881142 255
141 63 2881163 255
140 59 2881170 255
132 53 2881196 255
126 49 2881217 255
124 48 2881251 255
