40
145 79 3237107 255
144 75 3237146 255
143 75 3237157 255
134 73 3237178 255
130 72 3237189 255
117 70 3237211 255
110 70 3237222 255
104 70 3237232 255
99 71 3237239 255
87 73 3237265 255
80 79 3237276 255
69 91 3237297 255
67 94 3237308 255
68 98 3237319 255
71 102 3237330 255
79 110 3237347 255
88 110 3237362 255
102 108 3237384 255
128 96 3237406 255
137 88 3237417 255
144 81 3237438 255
147 78 3237456 255
147 77 3237471 255
148 76 3237482 255
148 75 3237503 255
149 74 3237514 255
149 74 3237536 255
149 75 3237547 255
149 80 3237564 255
149 86 3237579 255
149 101 3237601 255
149 122 3237622 255
149 140 3237633 255
149 158 3237655 255
149 177 3237672 255
149 182 3237687 255
149 185 3237698 255
149 188 3237709 255
149 191 3237720 255
150 194 3237754 255
