26
77 77 3226844 255
83 73 3226906 255
90 73 3226917 255
104 73 3226938 255
114 74 3226949 255
129 79 3226966 255
134 85 3226982 255
137 89 3226992 255
140 93 3227003 255
135 105 3227025 255
128 118 3227036 255
97 150 3227057 255
90 160 3227075 255
89 162 3227090 255
87 165 3227112 255
87 166 3227122 255
87 169 3227144 255
94 170 3227155 255
99 171 3227166 255
114 174 3227183 255
123 174 3227198 255
130 174 3227209 255
142 172 3227231 255
148 171 3227242 255
155 170 3227263 255
155 169 3227299 255
