35
88 62 2841314 255
87 67 2841375 255
87 68 2841386 255
88 74 2841407 255
88 80 2841418 255
89 91 2841435 255
89 95 2841451 255
89 98 2841462 255
90 102 2841472 255
91 108 2841494 255
94 111 2841505 255
102 116 2841527 255
109 120 2841544 255
112 121 2841559 255
120 122 2841581 255
126 120 2841592 255
135 115 2841613 255
138 112 2841624 255
142 108 2841646 255
144 99 2841668 255
145 94 2841679 255
146 88 2841700 255
146 86 2841711 255
146 87 2841733 255
145 94 2841754 255
145 97 2841761 255
139 114 2841787 255
134 138 2841798 255
133 175 2841820 255
135 184 2841830 255
137 189 2841841 255
138 192 2841852 255
139 199 2841869 255
141 201 2841885 255
142 201 2841918 255
