30
143 117 604931 255
145 113 604992 255
143 112 605003 255
135 109 605025 255
131 108 605036 255
124 106 605057 255
118 106 605064 255
105 110 605090 255
96 118 605112 255
94 122 605122 255
90 128 605144 255
90 131 605155 255
92 133 605166 255
97 134 605172 255
107 134 605198 255
110 133 605209 255
120 127 605231 255
125 122 605242 255
131 115 605263 255
136 110 605281 255
138 109 605296 255
140 109 605318 255
140 109 605329 255
140 112 605350 255
140 117 605372 255
140 126 605389 255
141 132 605404 255
141 139 605415 255
141 154 605437 255
142 166 605471 255
