41
139 130 619926 255
137 127 619976 255
135 125 619987 255
131 123 620009 255
128 122 620019 255
124 119 620041 255
118 118 620058 255
115 119 620074 255
109 120 620095 255
105 121 620106 255
100 124 620128 255
97 127 620139 255
93 133 620160 255
91 142 620182 255
90 150 620204 255
90 154 620215 255
92 161 620236 255
94 164 620247 255
96 167 620258 255
99 170 620269 255
103 172 620275 255
106 174 620291 255
109 175 620302 255
114 177 620323 255
117 177 620334 255
120 176 620345 255
123 174 620356 255
130 171 620377 255
133 169 620384 255
139 164 620410 255
141 161 620421 255
143 158 620432 255
144 156 620443 255
146 150 620464 255
147 147 620475 255
146 142 620492 255
145 139 620508 255
141 134 620529 255
137 131 620551 255
136 130 620562 255
134 130 620608 255
