55
132 112 586510 255
128 108 586622 255
127 107 586629 255
124 106 586655 255
124 106 586665 255
121 106 586687 255
119 107 586698 255
117 107 586709 255
115 108 586720 255
111 110 586737 255
109 112 586752 255
104 116 586774 255
101 118 586785 255
99 121 586796 255
97 123 586806 255
92 130 586828 255
88 137 586845 255
86 141 586861 255
85 145 586872 255
84 149 586882 255
83 154 586893 255
82 162 586915 255
83 167 586926 255
84 175 586947 255
86 179 586954 255
88 183 586969 255
89 186 586980 255
96 192 587002 255
99 195 587013 255
107 198 587034 255
111 199 587045 255
119 200 587063 255
124 200 587078 255
133 197 587099 255
141 192 587121 255
144 190 587132 255
149 183 587154 255
153 176 587171 255
154 172 587186 255
155 165 587208 255
155 161 587219 255
154 154 587240 255
153 150 587251 255
152 146 587262 255
151 142 587273 255
149 138 587279 255
148 134 587295 255
145 131 587306 255
141 126 587327 255
140 124 587338 255
137 121 587360 255
135 120 587371 255
134 120 587382 255
133 119 587388 255
132 121 587437 255
