47
91 113 591392 255
88 109 591440 255
88 109 591451 255
87 107 591472 255
87 107 591483 255
87 106 591505 255
89 106 591522 255
92 106 591538 255
101 105 591559 255
104 106 591570 255
109 106 591592 255
111 107 591603 255
113 110 591613 255
115 117 591631 255
116 121 591646 255
117 124 591657 255
118 129 591679 255
117 131 591689 255
117 133 591700 255
116 136 591711 255
106 146 591733 255
101 151 591739 255
93 158 591765 255
88 161 591776 255
81 165 591787 255
74 170 591798 255
66 176 591820 255
64 178 591831 255
59 183 591848 255
59 185 591863 255
58 186 591874 255
57 186 591885 255
57 186 591906 255
59 186 591917 255
66 186 591939 255
79 186 591957 255
88 185 591972 255
104 186 591993 255
111 185 592004 255
124 184 592026 255
130 184 592037 255
134 183 592048 255
142 184 592065 255
145 184 592080 255
148 184 592091 255
152 186 592113 255
157 187 592146 255
