34
110 140 623150 255
102 137 623209 255
97 136 623226 255
96 135 623242 255
96 135 623252 255
98 131 623274 255
100 130 623285 255
104 128 623296 255
107 126 623307 255
111 127 623328 255
113 128 623335 255
117 131 623361 255
118 132 623372 255
120 134 623383 255
122 138 623394 255
122 148 623415 255
121 153 623426 255
115 163 623443 255
104 174 623459 255
97 182 623470 255
91 188 623480 255
80 193 623502 255
76 195 623513 255
72 197 623535 255
71 198 623552 255
74 198 623567 255
86 198 623589 255
95 198 623600 255
119 197 623621 255
131 197 623632 255
151 197 623654 255
163 197 623676 255
167 196 623686 255
171 197 623731 255
