34
96 126 1115804 255
91 127 1115854 255
90 128 1115865 255
89 132 1115886 255
89 134 1115897 255
88 140 1115915 255
87 143 1115930 255
87 145 1115941 255
87 147 1115951 255
87 148 1115973 255
88 149 1115984 255
98 147 1116006 255
107 148 1116023 255
110 149 1116038 255
117 154 1116060 255
119 156 1116071 255
120 161 1116092 255
120 166 1116103 255
119 170 1116114 255
115 176 1116125 255
103 184 1116147 255
98 188 1116157 255
88 192 1116179 255
84 193 1116190 255
79 195 1116230 255
88 142 1116322 255
87 139 1116352 255
87 138 1116363 255
92 136 1116385 255
98 135 1116396 255
111 130 1116417 255
128 126 1116435 255
134 126 1116450 255
143 127 1116484 255
