30
157 99 1145596 255
153 94 1145655 255
152 90 1145666 255
152 86 1145672 255
151 83 1145687 255
150 81 1145698 255
141 77 1145720 255
136 77 1145731 255
131 76 1145741 255
128 76 1145752 255
120 82 1145774 255
117 88 1145780 255
116 96 1145806 255
116 102 1145817 255
128 119 1145839 255
149 137 1145861 255
166 152 1145871 255
173 162 1145889 255
168 172 1145904 255
158 184 1145926 255
145 188 1145947 255
138 189 1145958 255
122 181 1145980 255
104 166 1145997 255
107 153 1146012 255
117 122 1146034 255
135 111 1146045 255
165 92 1146067 255
172 89 1146077 255
193 82 1146124 255
