34
88 88 196343344 255
91 84 196343392 255
94 84 196343408 255
101 83 196343424 255
105 83 196343440 255
113 83 196343456 255
115 84 196343472 255
118 85 196343488 255
121 86 196343488 255
126 90 196343520 255
128 93 196343520 255
132 100 196343552 255
134 110 196343568 255
133 115 196343584 255
129 126 196343600 255
122 138 196343616 255
118 145 196343632 255
113 151 196343648 255
109 157 196343664 255
106 163 196343664 255
102 169 196343696 255
100 171 196343696 255
100 174 196343728 255
100 174 196343728 255
103 175 196343760 255
108 175 196343776 255
113 175 196343792 255
122 175 196343808 255
127 175 196343824 255
135 175 196343840 255
143 176 196343856 255
145 176 196343872 255
150 176 196343888 255
152 176 196343936 255
