59
142 80 196353120 255
136 78 196353232 255
134 77 196353232 255
130 75 196353264 255
128 74 196353264 255
124 72 196353280 255
117 72 196353312 255
113 72 196353328 255
104 72 196353344 255
99 72 196353360 255
89 74 196353376 255
82 77 196353392 255
79 79 196353408 255
76 82 196353440 255
75 83 196353440 255
75 86 196353472 255
76 87 196353472 255
78 90 196353504 255
83 95 196353520 255
87 97 196353536 255
96 102 196353552 255
100 105 196353568 255
109 110 196353584 255
114 112 196353600 255
117 114 196353600 255
120 116 196353616 255
127 122 196353632 255
129 124 196353648 255
132 129 196353664 255
133 132 196353680 255
133 134 196353696 255
133 137 196353696 255
132 141 196353728 255
130 142 196353744 255
126 146 196353760 255
122 147 196353776 255
115 150 196353792 255
110 150 196353808 255
101 151 196353824 255
97 151 196353824 255
90 150 196353856 255
88 148 196353872 255
86 145 196353888 255
86 142 196353904 255
88 136 196353920 255
94 126 196353936 255
98 122 196353952 255
106 113 196353968 255
109 110 196353984 255
115 104 196354016 255
119 101 196354016 255
127 96 196354048 255
134 91 196354064 255
136 90 196354080 255
140 87 196354096 255
141 87 196354112 255
142 86 196354128 255
142 86 196354144 255
141 87 196354192 255
