33
113 69 196812896 255
113 75 196812992 255
111 81 196812992 255
104 97 196813024 255
97 113 196813024 255
84 136 196813056 255
80 143 196813072 255
79 145 196813088 255
79 147 196813104 255
79 148 196813120 255
83 149 196813136 255
87 150 196813152 255
92 150 196813152 255
99 150 196813168 255
106 150 196813168 255
114 150 196813184 255
122 150 196813200 255
138 149 196813216 255
145 148 196813232 255
151 148 196813248 255
156 147 196813248 255
163 146 196813280 255
167 147 196813312 255
126 126 196813424 255
128 130 196813504 255
129 133 196813520 255
131 145 196813536 255
131 152 196813552 255
132 164 196813568 255
131 176 196813584 255
131 181 196813600 255
131 187 196813616 255
133 190 196813664 255
