49
149 93 196355008 255
149 88 196355008 255
149 86 196355024 255
148 82 196355040 255
144 80 196355072 255
141 79 196355072 255
132 77 196355104 255
129 77 196355120 255
119 76 196355136 255
112 76 196355152 255
105 76 196355152 255
101 77 196355168 255
93 84 196355184 255
90 88 196355200 255
86 95 196355216 255
84 101 196355248 255
83 103 196355248 255
83 110 196355280 255
84 114 196355296 255
85 116 196355312 255
87 117 196355312 255
91 118 196355328 255
97 119 196355344 255
107 115 196355360 255
114 113 196355376 255
128 109 196355392 255
133 107 196355408 255
139 103 196355424 255
143 98 196355456 255
144 95 196355456 255
145 89 196355488 255
146 88 196355488 255
146 88 196355504 255
146 90 196355536 255
146 93 196355552 255
147 97 196355568 255
147 99 196355584 255
147 106 196355600 255
146 119 196355616 255
145 127 196355632 255
142 145 196355648 255
139 154 196355664 255
138 161 196355680 255
137 166 196355680 255
135 177 196355712 255
134 185 196355728 255
134 187 196355744 255
136 189 196355760 255
138 191 196355792 255
