52
89 106 196287600 255
86 110 196287696 255
86 113 196287696 255
84 120 196287728 255
83 127 196287744 255
82 130 196287760 255
80 134 196287776 255
79 140 196287776 255
78 146 196287792 255
75 155 196287808 255
74 158 196287824 255
74 164 196287840 255
75 166 196287856 255
77 172 196287872 255
79 178 196287904 255
80 181 196287904 255
82 184 196287936 255
83 186 196287936 255
84 188 196287952 255
85 188 196287984 255
86 188 196288000 255
88 186 196288016 255
90 184 196288032 255
96 179 196288048 255
103 175 196288064 255
105 174 196288080 255
110 171 196288112 255
112 170 196288112 255
116 167 196288144 255
119 160 196288160 255
122 151 196288176 255
124 147 196288192 255
124 144 196288208 255
126 139 196288224 255
125 133 196288240 255
124 130 196288256 255
123 124 196288272 255
123 121 196288288 255
121 116 196288304 255
120 113 196288336 255
120 112 196288336 255
119 110 196288368 255
119 109 196288384 255
118 108 196288400 255
118 108 196288416 255
117 107 196288432 255
116 107 196288448 255
115 108 196288464 255
111 108 196288480 255
106 110 196288496 255
103 111 196288512 255
98 119 196288560 255
