58
129 89 196311696 255
123 86 196311760 255
122 85 196311776 255
120 82 196311792 255
120 81 196311792 255
118 80 196311824 255
118 80 196311840 255
115 79 196311856 255
110 82 196311872 255
107 84 196311888 255
100 87 196311904 255
98 90 196311920 255
93 96 196311936 255
91 98 196311952 255
89 100 196311968 255
88 102 196311968 255
87 105 196312000 255
86 108 196312016 255
86 109 196312032 255
86 111 196312032 255
87 114 196312064 255
88 118 196312080 255
88 119 196312096 255
91 119 196312112 255
94 119 196312128 255
102 118 196312144 255
108 114 196312176 255
110 113 196312176 255
114 110 196312208 255
115 109 196312208 255
117 106 196312224 255
119 103 196312256 255
119 102 196312272 255
120 100 196312288 255
120 99 196312304 255
121 97 196312320 255
121 95 196312336 255
121 95 196312352 255
121 96 196312368 255
121 96 196312384 255
122 97 196312400 255
122 100 196312432 255
122 104 196312448 255
121 107 196312464 255
121 110 196312480 255
120 119 196312496 255
119 131 196312512 255
119 138 196312528 255
119 153 196312544 255
118 160 196312560 255
118 171 196312576 255
117 175 196312592 255
117 181 196312608 255
116 185 196312640 255
116 186 196312640 255
116 188 196312656 255
116 188 196312672 255
117 189 196312720 255
