60
151 80 196814464 255
145 80 196814592 255
139 80 196814624 255
135 80 196814624 255
131 79 196814640 255
128 79 196814656 255
120 80 196814672 255
117 79 196814688 255
109 79 196814704 255
102 80 196814720 255
99 80 196814736 255
95 80 196814752 255
93 80 196814768 255
92 81 196814800 255
92 82 196814800 255
92 83 196814816 255
92 83 196814832 255
93 85 196814848 255
94 86 196814864 255
96 90 196814880 255
96 93 196814896 255
96 97 196814896 255
96 102 196814912 255
96 113 196814928 255
94 122 196814944 255
94 125 196814960 255
94 128 196814976 255
94 130 196814992 255
93 132 196814992 255
93 133 196815024 255
93 134 196815024 255
96 132 196815056 255
98 130 196815056 255
104 126 196815088 255
114 124 196815104 255
118 123 196815120 255
125 123 196815136 255
129 124 196815152 255
133 125 196815168 255
136 127 196815168 255
142 130 196815200 255
143 132 196815200 255
145 136 196815232 255
146 139 196815232 255
145 145 196815264 255
142 152 196815280 255
140 155 196815296 255
134 162 196815312 255
130 165 196815328 255
119 172 196815344 255
102 179 196815360 255
88 184 196815392 255
82 185 196815392 255
77 185 196815408 255
70 184 196815424 255
66 182 196815456 255
65 181 196815472 255
64 180 196815488 255
64 180 196815488 255
66 181 196815536 255
