66
145 90 196819888 255
145 86 196819968 255
142 85 196819984 255
137 83 196820000 255
133 82 196820016 255
127 81 196820032 255
124 81 196820048 255
122 81 196820064 255
120 84 196820064 255
114 89 196820096 255
104 95 196820112 255
100 98 196820128 255
96 100 196820128 255
94 102 196820144 255
91 104 196820160 255
89 107 196820176 255
88 108 196820192 255
87 110 196820208 255
88 112 196820208 255
95 120 196820240 255
106 126 196820256 255
111 128 196820272 255
126 131 196820288 255
131 133 196820304 255
136 134 196820320 255
139 135 196820320 255
144 138 196820352 255
145 140 196820352 255
147 147 196820384 255
147 150 196820400 255
147 154 196820400 255
147 158 196820416 255
140 171 196820432 255
134 178 196820448 255
126 187 196820464 255
123 189 196820480 255
121 190 196820496 255
118 191 196820496 255
112 192 196820528 255
108 187 196820544 255
106 183 196820560 255
104 177 196820576 255
104 174 196820592 255
109 170 196820608 255
110 168 196820624 255
114 160 196820640 255
117 150 196820672 255
121 145 196820672 255
134 130 196820704 255
139 122 196820704 255
143 116 196820736 255
144 113 196820736 255
146 111 196820752 255
146 110 196820752 255
148 107 196820784 255
148 106 196820800 255
148 104 196820816 255
149 103 196820832 255
149 102 196820832 255
149 101 196820848 255
149 98 196820864 255
149 96 196820880 255
150 92 196820896 255
150 90 196820912 255
150 90 196820928 255
150 91 196820960 255
