31
55 146 6293015 255
55 141 6293051 255
58 134 6293064 255
62 128 6293077 255
76 118 6293101 255
82 112 6293114 255
92 107 6293127 255
108 107 6293153 255
113 111 6293165 255
119 116 6293178 255
131 135 6293205 255
133 144 6293217 255
126 169 6293241 255
122 183 6293256 255
118 195 6293268 255
102 209 6293293 255
95 212 6293306 255
89 214 6293320 255
81 215 6293345 255
80 215 6293357 255
80 214 6293370 255
84 213 6293396 255
89 212 6293408 255
107 213 6293432 255
117 216 6293448 255
129 222 6293460 255
141 232 6293483 255
145 234 6293484 255
153 238 6293497 255
163 239 6293511 255
174 233 6293573 255
