26
74 155 6683440 255
67 166 6683450 255
62 177 6683470 255
62 191 6683484 255
74 209 6683508 255
79 220 6683521 255
83 229 6683533 255
100 237 6683560 255
108 236 6683572 255
122 226 6683596 255
127 223 6683597 255
136 216 6683611 255
143 205 6683624 255
149 190 6683647 255
152 171 6683661 255
152 159 6683675 255
150 140 6683699 255
150 135 6683700 255
146 128 6683713 255
137 125 6683725 255
120 130 6683751 255
113 134 6683752 255
102 142 6683765 255
93 152 6683777 255
82 169 6683802 255
80 175 6683845 255
