30
152 70 6300839 255
145 70 6300879 255
143 72 6300880 255
134 76 6300895 255
127 81 6300908 255
114 89 6300931 255
99 101 6300944 255
92 111 6300959 255
77 130 6300983 255
73 137 6300984 255
66 154 6300996 255
61 168 6301009 255
59 197 6301036 255
60 207 6301048 255
65 215 6301060 255
79 231 6301087 255
89 236 6301099 255
100 238 6301111 255
121 235 6301136 255
133 227 6301151 255
139 221 6301163 255
144 215 6301175 255
145 209 6301188 255
145 201 6301200 255
129 191 6301227 255
119 190 6301239 255
105 194 6301252 255
87 204 6301277 255
80 207 6301279 255
72 211 6301328 255
