28
91 86 6693402 255
87 93 6693430 255
82 107 6693446 255
77 115 6693459 255
68 135 6693483 255
65 141 6693496 255
64 146 6693510 255
71 149 6693534 255
76 149 6693547 255
82 149 6693559 255
100 149 6693586 255
108 150 6693599 255
118 164 6693623 255
120 173 6693638 255
120 184 6693651 255
117 205 6693675 255
113 215 6693687 255
105 226 6693702 255
94 235 6693727 255
89 228 6693739 255
86 221 6693789 255
108 100 6693938 255
110 97 6693956 255
115 92 6693970 255
121 89 6693981 255
138 88 6694008 255
142 87 6694009 255
154 87 6694046 255
