33
103 88 6698731 255
96 88 6698748 255
93 88 6698760 255
90 90 6698772 255
84 103 6698800 255
81 109 6698812 255
76 115 6698835 255
74 122 6698851 255
77 131 6698864 255
85 143 6698888 255
93 149 6698901 255
103 159 6698915 255
114 172 6698939 255
134 192 6698965 255
139 200 6698979 255
142 205 6698991 255
139 212 6699016 255
134 214 6699028 255
127 216 6699043 255
117 217 6699068 255
110 216 6699080 255
103 214 6699092 255
95 202 6699119 255
94 193 6699131 255
96 182 6699155 255
99 176 6699156 255
106 164 6699171 255
111 152 6699183 255
119 130 6699208 255
121 124 6699220 255
122 119 6699235 255
124 114 6699259 255
126 111 6699309 255
