34
84 97 16657964 255
85 92 16657988 255
87 88 16658002 255
89 85 16658014 255
100 81 16658034 255
105 80 16658046 255
110 80 16658056 255
119 80 16658068 255
132 87 16658090 255
136 91 16658096 255
143 98 16658122 255
145 105 16658132 255
147 114 16658144 255
148 120 16658154 255
147 135 16658176 255
144 145 16658186 255
128 160 16658204 255
124 164 16658220 255
113 172 16658230 255
102 180 16658240 255
91 187 16658262 255
84 189 16658274 255
73 192 16658296 255
66 194 16658312 255
64 194 16658328 255
64 195 16658350 255
68 195 16658360 255
78 196 16658382 255
88 196 16658392 255
108 196 16658414 255
128 197 16658436 255
138 197 16658446 255
156 199 16658468 255
163 199 16658502 255
