38
94 86 4404090 255
92 90 4404154 255
91 92 4404167 255
90 95 4404181 255
86 112 4404206 255
83 117 4404218 255
75 123 4404234 255
66 137 4404258 255
64 140 4404259 255
61 146 4404271 255
60 150 4404284 255
61 152 4404299 255
75 155 4404325 255
82 154 4404338 255
93 154 4404349 255
112 153 4404378 255
123 151 4404391 255
133 149 4404403 255
140 146 4404416 255
145 142 4404431 255
150 137 4404443 255
155 134 4404456 255
159 132 4404482 255
161 96 4404612 255
156 95 4404639 255
154 97 4404653 255
152 103 4404666 255
151 112 4404678 255
150 115 4404692 255
146 126 4404706 255
139 138 4404718 255
128 150 4404743 255
121 171 4404759 255
118 180 4404771 255
115 191 4404784 255
113 208 4404809 255
114 212 4404825 255
116 215 4404861 255
