44
137 94 4446486 255
129 90 4446536 255
126 90 4446549 255
123 91 4446562 255
116 93 4446587 255
106 96 4446602 255
98 102 4446615 255
90 116 4446641 255
88 121 4446653 255
88 124 4446667 255
89 138 4446692 255
90 141 4446694 255
97 146 4446706 255
104 148 4446719 255
113 148 4446745 255
115 148 4446747 255
118 144 4446759 255
122 137 4446771 255
125 134 4446785 255
132 128 4446799 255
135 125 4446817 255
141 110 4446831 255
144 101 4446850 255
145 98 4446865 255
146 95 4446877 255
146 93 4446902 255
146 93 4446915 255
147 94 4446936 255
147 95 4446949 255
147 99 4446962 255
146 109 4446981 255
145 116 4446995 255
144 125 4447009 255
143 136 4447021 255
140 144 4447033 255
135 151 4447047 255
130 164 4447062 255
129 170 4447080 255
124 186 4447093 255
123 202 4447113 255
122 209 4447126 255
122 214 4447140 255
124 224 4447164 255
129 226 4447204 255
