33
152 111 4408553 255
151 104 4408565 255
150 101 4408578 255
150 97 4408604 255
150 96 4408617 255
149 95 4408632 255
136 97 4408657 255
128 102 4408670 255
121 110 4408683 255
109 116 4408697 255
104 119 4408709 255
94 131 4408723 255
91 137 4408735 255
84 149 4408749 255
80 173 4408775 255
82 182 4408789 255
85 192 4408801 255
86 196 4408813 255
100 204 4408828 255
109 205 4408841 255
116 200 4408855 255
136 191 4408880 255
141 186 4408895 255
144 178 4408908 255
143 163 4408933 255
134 159 4408946 255
125 157 4408961 255
107 155 4408985 255
102 155 4408986 255
97 155 4408998 255
90 155 4409011 255
87 157 4409026 255
86 159 4409057 255
