41
144 130 16638266 255
145 126 16638292 255
145 122 16638304 255
143 116 16638324 255
134 112 16638342 255
129 111 16638358 255
125 111 16638368 255
117 111 16638378 255
109 114 16638390 255
98 122 16638412 255
94 125 16638422 255
90 130 16638444 255
89 133 16638450 255
91 145 16638476 255
104 156 16638498 255
112 167 16638510 255
138 189 16638530 255
141 192 16638542 255
143 195 16638552 255
145 199 16638558 255
147 209 16638584 255
147 213 16638596 255
142 219 16638618 255
137 221 16638628 255
132 222 16638640 255
128 222 16638650 255
116 218 16638668 255
110 213 16638682 255
100 205 16638704 255
97 200 16638716 255
94 189 16638726 255
94 182 16638736 255
105 169 16638758 255
118 148 16638776 255
130 142 16638790 255
135 139 16638802 255
140 135 16638812 255
146 126 16638824 255
162 114 16638846 255
167 110 16638856 255
170 107 16638892 255
