35
128 59 2620315 255
124 54 2620343 255
123 54 2620354 255
120 56 2620376 255
117 59 2620387 255
106 66 2620408 255
97 79 2620425 255
94 87 2620441 255
90 96 2620462 255
89 99 2620473 255
95 103 2620495 255
101 103 2620506 255
106 102 2620517 255
122 89 2620534 255
133 80 2620549 255
140 66 2620560 255
144 56 2620582 255
145 54 2620593 255
146 52 2620603 255
146 52 2620614 255
147 59 2620636 255
146 63 2620642 255
145 78 2620668 255
144 86 2620679 255
136 116 2620690 255
130 134 2620701 255
124 165 2620723 255
123 179 2620733 255
123 193 2620751 255
123 203 2620766 255
123 210 2620777 255
124 214 2620788 255
124 220 2620809 255
125 222 2620820 255
125 224 2620849 255
