28
135 52 3024071 255
130 51 3024110 255
128 51 3024121 255
124 56 3024142 255
122 60 3024153 255
116 67 3024170 255
109 76 3024186 255
100 89 3024196 255
91 111 3024207 255
84 137 3024229 255
80 151 3024240 255
78 174 3024261 255
80 188 3024279 255
82 193 3024294 255
85 201 3024316 255
88 201 3024326 255
99 199 3024348 255
103 197 3024359 255
107 190 3024370 255
109 184 3024381 255
110 178 3024387 255
111 169 3024402 255
112 160 3024413 255
108 151 3024435 255
104 148 3024446 255
102 146 3024456 255
100 144 3024467 255
98 143 3024503 255
