33
109 70 2618907 255
116 71 2618978 255
122 72 2618989 255
133 74 2619010 255
138 75 2619021 255
144 80 2619043 255
146 89 2619060 255
146 93 2619076 255
138 105 2619097 255
131 116 2619108 255
119 149 2619130 255
117 156 2619141 255
116 161 2619151 255
116 178 2619169 255
116 183 2619184 255
118 188 2619195 255
122 195 2619216 255
127 198 2619227 255
131 199 2619238 255
135 199 2619249 255
140 197 2619271 255
142 192 2619277 255
143 179 2619303 255
141 166 2619314 255
132 150 2619325 255
124 132 2619336 255
120 116 2619357 255
119 113 2619368 255
115 107 2619385 255
114 100 2619401 255
113 94 2619411 255
113 89 2619422 255
113 83 2619456 255
