33
127 66 3022705 255
122 63 3022755 255
120 60 3022766 255
117 54 3022788 255
113 52 3022794 255
104 50 3022820 255
100 50 3022831 255
97 54 3022842 255
95 58 3022853 255
93 67 3022874 255
92 73 3022885 255
92 85 3022903 255
93 90 3022918 255
93 93 3022929 255
94 96 3022940 255
101 100 3022961 255
104 101 3022972 255
111 103 3022994 255
120 109 3023011 255
125 114 3023026 255
134 123 3023048 255
137 128 3023059 255
140 146 3023080 255
138 153 3023091 255
130 165 3023113 255
121 182 3023135 255
117 187 3023145 255
104 192 3023167 255
99 193 3023178 255
90 194 3023200 255
86 195 3023210 255
81 194 3023221 255
76 190 3023255 255
