34
130 65 3028524 255
124 66 3028563 255
121 67 3028574 255
112 70 3028596 255
101 79 3028613 255
97 85 3028628 255
94 90 3028639 255
92 95 3028650 255
90 98 3028661 255
90 104 3028682 255
94 105 3028693 255
104 105 3028715 255
109 102 3028721 255
122 89 3028747 255
134 72 3028769 255
138 64 3028780 255
140 57 3028801 255
140 55 3028812 255
140 54 3028823 255
139 55 3028830 255
138 61 3028856 255
139 65 3028866 255
139 76 3028888 255
139 83 3028899 255
138 92 3028910 255
135 111 3028921 255
130 149 3028938 255
129 157 3028953 255
129 171 3028975 255
129 179 3028986 255
129 183 3028997 255
130 187 3029007 255
133 194 3029029 255
133 201 3029073 255
