30
98 54 2574542 255
103 50 2574591 255
107 50 2574602 255
118 52 2574624 255
125 56 2574635 255
135 63 2574652 255
138 66 2574667 255
141 69 2574678 255
142 72 2574689 255
134 83 2574710 255
130 88 2574721 255
122 95 2574743 255
110 100 2574760 255
107 102 2574776 255
108 105 2574797 255
110 108 2574808 255
119 118 2574830 255
126 122 2574841 255
133 127 2574851 255
144 138 2574869 255
148 148 2574884 255
150 154 2574895 255
150 167 2574916 255
149 176 2574927 255
146 182 2574938 255
138 187 2574949 255
126 192 2574971 255
118 194 2574977 255
106 195 2575003 255
102 195 2575037 255
