29
117 51 2940531 255
108 56 2940569 255
98 66 2940586 255
95 74 2940602 255
92 83 2940613 255
89 93 2940634 255
90 96 2940645 255
94 98 2940656 255
99 99 2940667 255
107 93 2940689 255
111 88 2940695 255
117 74 2940721 255
120 62 2940743 255
121 58 2940754 255
122 55 2940775 255
122 58 2940786 255
123 66 2940803 255
123 74 2940819 255
123 82 2940829 255
122 104 2940840 255
121 152 2940862 255
121 160 2940873 255
122 181 2940894 255
123 188 2940912 255
123 191 2940927 255
124 194 2940938 255
124 196 2940949 255
124 197 2940959 255
124 199 2941004 255
