28
104 216 3025436 255
102 212 3025464 255
102 209 3025475 255
105 203 3025497 255
107 195 3025508 255
111 175 3025525 255
114 155 3025540 255
116 144 3025551 255
117 126 3025562 255
117 111 3025583 255
117 100 3025594 255
116 88 3025616 255
114 81 3025633 255
109 78 3025648 255
101 74 3025670 255
97 72 3025681 255
93 69 3025703 255
91 68 3025713 255
90 64 3025735 255
90 62 3025769 255
103 145 3025943 255
109 143 3026006 255
111 143 3026017 255
121 143 3026034 255
127 143 3026049 255
137 143 3026071 255
141 143 3026082 255
149 143 3026126 255
