28
110 204 2617315 255
104 203 2617385 255
104 201 2617392 255
107 189 2617418 255
109 182 2617429 255
114 156 2617450 255
116 143 2617461 255
118 126 2617472 255
119 116 2617483 255
120 102 2617500 255
120 94 2617515 255
119 86 2617537 255
118 82 2617548 255
117 80 2617559 255
114 77 2617569 255
104 72 2617591 255
96 64 2617608 255
93 61 2617624 255
90 56 2617645 255
89 54 2617656 255
89 53 2617690 255
99 137 2617907 255
104 137 2617959 255
108 136 2617970 255
114 136 2617992 255
121 135 2618003 255
133 132 2618020 255
139 129 2618058 255
