31
91 65 2611473 255
96 67 2611534 255
101 67 2611544 255
110 68 2611566 255
117 69 2611577 255
129 71 2611599 255
132 72 2611610 255
135 73 2611620 255
135 75 2611627 255
129 84 2611653 255
126 88 2611664 255
121 95 2611685 255
119 97 2611696 255
117 99 2611707 255
116 101 2611718 255
116 103 2611735 255
117 106 2611750 255
126 117 2611772 255
136 127 2611794 255
141 138 2611805 255
147 155 2611826 255
148 176 2611843 255
147 183 2611859 255
143 189 2611870 255
135 198 2611880 255
127 207 2611891 255
114 216 2611913 255
108 217 2611924 255
99 217 2611945 255
95 214 2611952 255
92 211 2611990 255
