28
110 197 2580350 255
110 194 2580417 255
111 188 2580432 255
112 182 2580443 255
114 168 2580465 255
115 159 2580476 255
116 150 2580486 255
118 133 2580497 255
120 112 2580519 255
121 98 2580526 255
121 85 2580552 255
121 80 2580562 255
120 74 2580573 255
119 68 2580584 255
117 59 2580606 255
113 56 2580617 255
103 52 2580634 255
99 50 2580649 255
94 48 2580671 255
92 47 2580692 255
94 47 2580703 255
98 47 2580732 255
106 134 2580911 255
112 135 2580974 255
114 135 2580985 255
122 135 2581007 255
128 135 2581018 255
139 133 2581064 255
