33
95 133 197600672 255
92 129 197600704 255
91 127 197600704 255
95 120 197600736 255
98 116 197600736 255
106 107 197600768 255
111 103 197600768 255
116 100 197600784 255
122 99 197600800 255
132 101 197600816 255
136 105 197600832 255
139 118 197600848 255
138 132 197600864 255
132 150 197600864 255
123 168 197600880 255
108 184 197600896 255
101 189 197600912 255
92 193 197600928 255
85 193 197600960 255
83 190 197600976 255
84 184 197600992 255
87 181 197601008 255
95 180 197601024 255
100 182 197601040 255
106 185 197601040 255
122 197 197601056 255
135 210 197601072 255
143 217 197601088 255
149 222 197601104 255
151 223 197601120 255
153 223 197601136 255
154 222 197601136 255
154 220 197601184 255
