29
107 118 197206256 255
101 117 197206304 255
98 115 197206320 255
96 113 197206320 255
98 109 197206336 255
100 105 197206352 255
106 95 197206368 255
109 90 197206384 255
115 83 197206400 255
120 83 197206416 255
123 86 197206432 255
125 98 197206448 255
124 106 197206464 255
111 135 197206480 255
99 148 197206512 255
96 150 197206512 255
92 152 197206528 255
90 152 197206544 255
89 151 197206576 255
93 151 197206592 255
97 152 197206608 255
105 157 197206624 255
114 166 197206640 255
119 172 197206656 255
127 181 197206688 255
130 184 197206688 255
140 187 197206720 255
147 186 197206720 255
160 180 197206768 255
