28
131 67 197177040 255
129 71 197177120 255
129 74 197177120 255
128 80 197177136 255
127 87 197177152 255
126 94 197177152 255
125 111 197177184 255
124 120 197177184 255
125 129 197177200 255
125 134 197177216 255
129 142 197177232 255
131 144 197177248 255
137 145 197177264 255
140 143 197177280 255
144 141 197177296 255
146 138 197177296 255
149 132 197177328 255
151 130 197177328 255
152 129 197177344 255
152 129 197177360 255
152 130 197177376 255
152 132 197177392 255
151 142 197177408 255
151 149 197177424 255
150 165 197177440 255
149 188 197177456 255
147 197 197177472 255
144 208 197177520 255
