30
102 107 197606384 255
97 113 197606464 255
95 117 197606464 255
91 128 197606496 255
89 134 197606496 255
86 142 197606528 255
84 146 197606544 255
85 147 197606560 255
89 146 197606576 255
94 144 197606592 255
104 141 197606608 255
116 140 197606624 255
122 141 197606640 255
133 145 197606656 255
139 151 197606672 255
141 155 197606688 255
140 164 197606720 255
138 167 197606720 255
129 174 197606752 255
123 177 197606752 255
111 180 197606784 255
102 180 197606800 255
98 180 197606816 255
94 179 197606864 255
105 110 197606976 255
108 107 197607024 255
111 107 197607040 255
120 108 197607056 255
128 109 197607072 255
138 111 197607104 255
