38
151 102 197188368 255
150 98 197188400 255
149 97 197188416 255
149 92 197188432 255
148 89 197188448 255
141 84 197188464 255
132 79 197188480 255
127 77 197188496 255
115 77 197188512 255
110 78 197188528 255
101 81 197188544 255
97 85 197188560 255
94 88 197188576 255
92 94 197188592 255
91 100 197188592 255
91 106 197188608 255
92 113 197188624 255
100 124 197188640 255
104 128 197188656 255
108 131 197188656 255
113 132 197188672 255
122 130 197188688 255
126 127 197188704 255
134 116 197188720 255
137 112 197188736 255
139 107 197188752 255
140 104 197188752 255
143 100 197188784 255
144 99 197188784 255
146 103 197188800 255
147 108 197188832 255
149 115 197188832 255
150 124 197188848 255
153 160 197188864 255
154 175 197188880 255
155 195 197188896 255
155 203 197188912 255
154 206 197188960 255
