35
93 116 197174656 255
91 113 197174704 255
91 111 197174704 255
94 107 197174736 255
98 105 197174736 255
107 99 197174768 255
112 98 197174768 255
117 97 197174784 255
122 97 197174784 255
131 102 197174816 255
134 106 197174832 255
135 116 197174848 255
133 122 197174864 255
129 127 197174864 255
125 131 197174880 255
115 135 197174896 255
110 136 197174912 255
105 137 197174944 255
104 137 197174944 255
105 136 197174960 255
109 136 197174976 255
122 137 197174992 255
139 142 197175008 255
147 147 197175024 255
156 155 197175040 255
163 167 197175040 255
164 176 197175056 255
153 196 197175072 255
145 204 197175088 255
131 211 197175104 255
125 212 197175120 255
112 212 197175136 255
101 208 197175168 255
97 206 197175168 255
93 202 197175216 255
