36
135 129 197638160 255
141 126 197638208 255
143 125 197638208 255
145 121 197638240 255
146 118 197638240 255
148 110 197638272 255
148 105 197638272 255
147 101 197638288 255
145 96 197638304 255
138 87 197638320 255
133 83 197638336 255
120 80 197638352 255
114 80 197638368 255
108 82 197638384 255
102 85 197638384 255
93 97 197638416 255
89 104 197638416 255
89 119 197638448 255
94 128 197638464 255
98 131 197638480 255
109 132 197638496 255
114 131 197638512 255
125 125 197638528 255
129 122 197638544 255
133 119 197638544 255
136 116 197638560 255
138 115 197638560 255
139 115 197638576 255
140 117 197638592 255
141 125 197638624 255
141 132 197638624 255
141 140 197638640 255
141 149 197638656 255
140 173 197638672 255
140 181 197638672 255
143 193 197638720 255
