25
134 81 197213120 255
128 81 197213168 255
124 84 197213184 255
111 94 197213200 255
101 103 197213216 255
72 139 197213232 255
68 148 197213248 255
65 158 197213248 255
65 166 197213264 255
69 180 197213280 255
74 189 197213296 255
90 197 197213328 255
100 199 197213328 255
108 197 197213344 255
119 194 197213360 255
136 177 197213376 255
139 161 197213392 255
136 157 197213408 255
132 154 197213424 255
127 153 197213424 255
120 153 197213440 255
105 159 197213456 255
94 167 197213472 255
80 179 197213488 255
78 181 197213536 255
