38
80 133 197628384 255
82 129 197628416 255
82 128 197628416 255
81 123 197628448 255
82 120 197628448 255
87 111 197628480 255
92 106 197628496 255
97 102 197628496 255
103 99 197628512 255
114 95 197628528 255
119 95 197628544 255
128 100 197628560 255
131 104 197628576 255
132 109 197628592 255
131 115 197628592 255
126 124 197628624 255
123 128 197628624 255
117 134 197628656 255
112 137 197628672 255
111 138 197628688 255
112 139 197628704 255
114 140 197628720 255
123 143 197628736 255
129 145 197628752 255
134 149 197628768 255
138 154 197628768 255
141 159 197628784 255
143 166 197628800 255
144 172 197628800 255
138 186 197628832 255
133 191 197628832 255
127 196 197628848 255
122 198 197628864 255
111 200 197628880 255
106 199 197628880 255
99 196 197628912 255
96 193 197628928 255
94 191 197628960 255
