36
96 90 197211280 255
93 95 197211328 255
93 98 197211344 255
91 108 197211360 255
89 113 197211376 255
86 124 197211392 255
85 128 197211408 255
84 132 197211424 255
84 134 197211440 255
84 137 197211456 255
85 137 197211472 255
92 134 197211488 255
106 129 197211504 255
114 127 197211520 255
120 126 197211536 255
126 126 197211536 255
131 128 197211552 255
138 133 197211568 255
140 137 197211584 255
140 147 197211600 255
137 153 197211616 255
123 166 197211632 255
104 173 197211664 255
99 173 197211680 255
88 172 197211696 255
85 172 197211712 255
83 171 197211712 255
81 170 197211728 255
81 168 197211760 255
85 89 197211904 255
95 88 197211952 255
102 89 197211968 255
117 91 197211984 255
123 92 197212000 255
131 94 197212016 255
134 94 197212048 255
