28
81 79 6921055 255
84 74 6921094 255
86 72 6921104 255
100 66 6921126 255
118 61 6921143 255
126 59 6921159 255
132 58 6921169 255
138 58 6921180 255
142 59 6921191 255
146 64 6921213 255
147 71 6921224 255
139 91 6921245 255
126 111 6921252 255
102 142 6921278 255
91 153 6921299 255
88 163 6921310 255
80 176 6921332 255
80 180 6921343 255
80 184 6921354 255
82 190 6921360 255
94 201 6921386 255
113 205 6921408 255
124 204 6921419 255
134 201 6921429 255
149 197 6921440 255
166 193 6921462 255
170 192 6921468 255
177 190 6921517 255
