34
116 44 6932572 255
116 41 6932600 255
117 40 6932611 255
121 41 6932633 255
127 44 6932644 255
137 50 6932665 255
141 52 6932672 255
145 56 6932698 255
147 60 6932719 255
146 62 6932730 255
136 74 6932752 255
132 79 6932763 255
127 86 6932774 255
119 104 6932780 255
100 133 6932806 255
100 142 6932817 255
108 162 6932839 255
112 172 6932849 255
122 182 6932871 255
135 190 6932888 255
139 192 6932904 255
145 193 6932925 255
146 191 6932936 255
148 181 6932958 255
147 173 6932969 255
144 156 6932979 255
121 103 6932997 255
119 96 6933012 255
117 85 6933023 255
106 67 6933044 255
99 52 6933055 255
95 45 6933066 255
94 42 6933077 255
94 40 6933112 255
