28
91 72 7378930 255
90 68 7378957 255
94 67 7378967 255
104 65 7378989 255
109 64 7379000 255
126 63 7379017 255
133 62 7379032 255
139 63 7379043 255
144 63 7379054 255
148 65 7379076 255
149 70 7379087 255
145 81 7379108 255
127 108 7379125 255
118 119 7379141 255
95 147 7379162 255
93 149 7379173 255
92 154 7379195 255
96 158 7379206 255
101 163 7379217 255
106 167 7379227 255
113 170 7379234 255
124 173 7379249 255
131 174 7379260 255
147 173 7379282 255
154 171 7379293 255
161 169 7379303 255
166 166 7379314 255
174 162 7379360 255
