38
160 38 7358576 255
155 36 7358617 255
154 36 7358623 255
152 35 7358649 255
151 35 7358660 255
142 33 7358682 255
137 32 7358704 255
132 32 7358714 255
126 32 7358732 255
124 33 7358747 255
122 43 7358769 255
120 49 7358779 255
120 54 7358790 255
119 61 7358801 255
118 73 7358823 255
118 80 7358840 255
117 83 7358855 255
117 85 7358866 255
117 86 7358877 255
118 87 7358888 255
125 89 7358909 255
131 90 7358920 255
140 94 7358942 255
144 99 7358948 255
158 111 7358974 255
167 122 7358996 255
168 133 7359007 255
161 148 7359029 255
156 162 7359039 255
153 172 7359050 255
150 177 7359057 255
135 184 7359083 255
130 187 7359094 255
116 188 7359115 255
109 188 7359126 255
103 188 7359137 255
99 188 7359148 255
96 187 7359183 255
