34
124 58 7365102 255
119 60 7365130 255
112 60 7365140 255
106 62 7365147 255
102 64 7365162 255
98 68 7365173 255
93 78 7365195 255
93 83 7365205 255
96 87 7365216 255
101 90 7365227 255
109 93 7365249 255
117 93 7365255 255
130 86 7365281 255
134 81 7365292 255
142 72 7365314 255
144 69 7365325 255
146 65 7365346 255
148 64 7365363 255
148 63 7365379 255
148 63 7365390 255
149 67 7365411 255
149 73 7365422 255
149 86 7365444 255
149 95 7365455 255
148 128 7365472 255
146 166 7365498 255
146 174 7365509 255
145 188 7365530 255
145 194 7365541 255
145 203 7365563 255
145 208 7365580 255
144 208 7365596 255
143 205 7365606 255
142 201 7365640 255
