31
110 35 7380261 255
116 34 7380322 255
121 35 7380333 255
133 39 7380354 255
137 42 7380365 255
144 48 7380382 255
146 51 7380398 255
147 54 7380409 255
148 56 7380419 255
147 61 7380441 255
142 63 7380452 255
132 70 7380474 255
126 77 7380491 255
124 80 7380506 255
123 84 7380528 255
127 87 7380539 255
136 92 7380560 255
140 97 7380571 255
144 103 7380582 255
150 109 7380593 255
160 121 7380614 255
161 129 7380625 255
158 141 7380647 255
156 146 7380658 255
149 162 7380679 255
138 171 7380690 255
128 177 7380707 255
124 179 7380723 255
111 180 7380744 255
106 179 7380755 255
102 177 7380789 255
