30
89 184 9911378 255
88 181 9911422 255
89 175 9911436 255
93 170 9911454 255
101 165 9911468 255
110 150 9911492 255
112 146 9911492 255
115 138 9911504 255
119 129 9911516 255
129 113 9911544 255
134 109 9911556 255
139 106 9911580 255
140 105 9911580 255
142 104 9911596 255
143 104 9911608 255
144 105 9911632 255
144 105 9911644 255
144 115 9911670 255
145 122 9911682 255
145 129 9911696 255
146 149 9911722 255
146 158 9911736 255
147 168 9911746 255
147 187 9911772 255
147 194 9911786 255
147 203 9911798 255
147 217 9911824 255
148 221 9911836 255
148 224 9911850 255
148 227 9911886 255
