52
150 130 10335592 255
147 124 10335664 255
146 118 10335678 255
145 114 10335690 255
138 108 10335714 255
131 106 10335730 255
126 105 10335742 255
116 105 10335766 255
108 105 10335778 255
100 106 10335792 255
91 116 10335818 255
88 123 10335830 255
86 129 10335842 255
84 145 10335870 255
83 154 10335882 255
83 164 10335904 255
83 170 10335906 255
84 181 10335920 255
84 189 10335934 255
85 201 10335956 255
86 214 10335970 255
87 219 10335984 255
88 225 10336008 255
90 230 10336020 255
92 232 10336034 255
101 235 10336060 255
104 235 10336062 255
109 236 10336072 255
113 235 10336086 255
116 233 10336112 255
118 232 10336112 255
121 230 10336124 255
134 227 10336150 255
139 224 10336162 255
143 218 10336176 255
147 206 10336200 255
148 202 10336214 255
149 198 10336226 255
150 190 10336250 255
152 179 10336264 255
152 173 10336276 255
153 169 10336288 255
156 157 10336316 255
158 150 10336328 255
159 142 10336352 255
158 137 10336368 255
157 134 10336378 255
155 131 10336392 255
152 124 10336416 255
151 121 10336430 255
151 118 10336444 255
151 113 10336492 255
