43
162 149 10373984 255
161 145 10374000 255
163 143 10374012 255
164 140 10374032 255
164 138 10374044 255
158 136 10374070 255
154 134 10374082 255
151 132 10374094 255
133 130 10374122 255
125 129 10374134 255
113 130 10374158 255
108 130 10374158 255
100 131 10374172 255
95 132 10374184 255
92 133 10374210 255
95 134 10374222 255
103 135 10374236 255
113 145 10374262 255
116 153 10374274 255
119 159 10374286 255
123 166 10374300 255
128 177 10374312 255
131 186 10374324 255
131 203 10374350 255
128 213 10374364 255
125 219 10374376 255
121 227 10374400 255
119 229 10374412 255
118 230 10374428 255
115 230 10374452 255
114 229 10374464 255
113 228 10374476 255
113 218 10374504 255
114 210 10374516 255
117 199 10374540 255
120 191 10374556 255
129 182 10374566 255
142 171 10374592 255
147 166 10374604 255
151 158 10374618 255
159 145 10374644 255
161 142 10374656 255
161 139 10374694 255
