37
145 113 10370748 255
146 109 10370770 255
146 108 10370782 255
145 108 10370794 255
132 108 10370822 255
126 110 10370834 255
120 117 10370848 255
98 131 10370874 255
87 143 10370886 255
74 155 10370898 255
63 166 10370924 255
60 175 10370938 255
59 184 10370950 255
60 190 10370962 255
67 195 10370974 255
74 204 10370986 255
80 211 10371000 255
84 216 10371014 255
94 220 10371026 255
109 222 10371050 255
114 222 10371066 255
117 221 10371078 255
122 216 10371090 255
132 205 10371114 255
135 202 10371128 255
135 199 10371142 255
126 195 10371166 255
123 193 10371178 255
119 191 10371192 255
100 190 10371218 255
94 191 10371230 255
88 192 10371242 255
81 193 10371256 255
67 195 10371280 255
64 196 10371294 255
64 197 10371306 255
71 199 10371350 255
