40
87 103 9918156 255
95 103 9918228 255
104 103 9918236 255
117 103 9918262 255
127 102 9918274 255
142 102 9918298 255
146 102 9918312 255
152 103 9918338 255
155 103 9918350 255
156 103 9918362 255
156 104 9918394 255
89 110 9918554 255
88 115 9918648 255
88 125 9918660 255
88 130 9918680 255
89 133 9918694 255
89 135 9918704 255
98 138 9918730 255
105 139 9918742 255
111 139 9918756 255
114 139 9918768 255
129 139 9918782 255
138 140 9918794 255
144 141 9918806 255
148 141 9918820 255
152 142 9918820 255
160 147 9918834 255
166 153 9918844 255
169 161 9918870 255
163 166 9918884 255
158 177 9918896 255
144 192 9918922 255
132 203 9918934 255
122 214 9918948 255
102 222 9918974 255
96 224 9918984 255
91 225 9918996 255
87 225 9919024 255
86 224 9919036 255
86 221 9919074 255
