30
93 179 10338662 255
90 175 10338678 255
89 173 10338690 255
90 170 10338710 255
94 168 10338722 255
107 155 10338748 255
112 147 10338760 255
115 140 10338774 255
120 124 10338798 255
122 118 10338812 255
123 115 10338822 255
124 113 10338850 255
124 114 10338868 255
124 122 10338882 255
124 129 10338902 255
124 133 10338914 255
124 146 10338936 255
124 150 10338938 255
124 157 10338950 255
124 164 10338964 255
125 183 10338990 255
125 190 10339002 255
126 196 10339014 255
127 215 10339042 255
127 221 10339052 255
127 226 10339064 255
126 240 10339092 255
126 246 10339104 255
126 249 10339116 255
126 252 10339154 255
