39
121 113 9957278 255
117 117 9957344 255
117 120 9957352 255
104 129 9957378 255
97 133 9957390 255
89 140 9957414 255
86 144 9957414 255
78 151 9957430 255
71 156 9957440 255
64 162 9957466 255
62 164 9957478 255
64 165 9957492 255
75 167 9957518 255
82 168 9957542 255
84 168 9957542 255
97 168 9957556 255
106 167 9957570 255
129 167 9957594 255
138 167 9957606 255
145 167 9957620 255
163 167 9957646 255
168 167 9957656 255
171 168 9957670 255
174 169 9957720 255
138 155 9957858 255
138 159 9957898 255
137 161 9957912 255
136 163 9957922 255
133 172 9957950 255
131 181 9957962 255
128 191 9957986 255
127 194 9957988 255
125 204 9958002 255
124 213 9958014 255
124 221 9958038 255
124 224 9958038 255
125 228 9958050 255
128 234 9958064 255
133 240 9958108 255
