35
81 145 10340126 255
83 141 10340142 255
84 139 10340154 255
85 138 10340170 255
89 135 10340194 255
99 134 10340206 255
107 132 10340218 255
116 130 10340244 255
120 130 10340258 255
124 131 10340268 255
126 132 10340280 255
129 133 10340296 255
128 135 10340308 255
124 140 10340332 255
123 144 10340334 255
120 152 10340346 255
118 159 10340360 255
102 177 10340386 255
96 185 10340398 255
92 191 10340410 255
87 199 10340436 255
85 203 10340448 255
85 205 10340462 255
85 206 10340474 255
85 210 10340488 255
86 213 10340500 255
91 216 10340524 255
95 216 10340524 255
107 217 10340550 255
116 217 10340564 255
126 217 10340576 255
141 218 10340600 255
145 219 10340616 255
149 219 10340628 255
154 220 10340664 255
