27
280 148 4886098 255
271 148 4886142 255
253 153 4886158 255
230 164 4886174 255
202 186 4886191 255
187 213 4886207 255
182 229 4886224 255
181 251 4886240 255
187 262 4886257 255
202 267 4886273 255
224 262 4886289 255
255 236 4886306 255
274 217 4886322 255
284 193 4886339 255
286 179 4886355 255
287 171 4886372 255
287 168 4886388 255
287 167 4886392 255
281 194 4886437 255
270 230 4886454 255
261 276 4886470 255
251 315 4886487 255
248 353 4886503 255
245 378 4886519 255
244 392 4886536 255
243 398 4886552 255
243 395 4886587 255
