32
143 170 4655088 255
151 170 4655149 255
162 170 4655166 255
175 170 4655182 255
194 173 4655199 255
215 179 4655215 255
230 189 4655231 255
242 204 4655248 255
247 218 4655264 255
248 236 4655281 255
242 254 4655297 255
233 268 4655314 255
213 281 4655330 255
199 288 4655346 255
189 290 4655363 255
183 291 4655379 255
181 292 4655396 255
180 293 4655412 255
180 295 4655429 255
188 300 4655445 255
205 313 4655461 255
224 330 4655478 255
238 353 4655494 255
244 370 4655511 255
247 391 4655527 255
241 410 4655544 255
229 427 4655560 255
198 442 4655576 255
162 453 4655593 255
137 455 4655609 255
103 446 4655626 255
94 441 4655655 255
