40
205 162 4880920 255
223 155 4880950 255
232 152 4880966 255
249 148 4880983 255
264 144 4880999 255
275 141 4881016 255
281 141 4881032 255
285 143 4881049 255
283 144 4881065 255
263 149 4881081 255
244 153 4881098 255
213 156 4881114 255
196 156 4881131 255
187 154 4881147 255
182 154 4881164 255
179 154 4881180 255
178 157 4881196 255
177 164 4881213 255
177 170 4881229 255
172 192 4881246 255
170 213 4881262 255
170 222 4881279 255
173 228 4881295 255
175 233 4881311 255
179 235 4881328 255
185 236 4881344 255
202 236 4881361 255
227 238 4881377 255
247 246 4881394 255
267 261 4881410 255
278 278 4881426 255
279 303 4881443 255
267 326 4881459 255
246 353 4881476 255
222 370 4881492 255
192 377 4881509 255
165 380 4881525 255
149 381 4881541 255
140 380 4881558 255
136 379 4881588 255
