34
245 196 4662501 255
226 207 4662542 255
211 213 4662559 255
199 222 4662575 255
193 242 4662592 255
191 262 4662608 255
197 274 4662625 255
212 288 4662641 255
227 304 4662657 255
237 318 4662674 255
249 332 4662690 255
261 348 4662707 255
269 367 4662723 255
273 382 4662740 255
267 402 4662756 255
255 418 4662772 255
244 427 4662789 255
230 432 4662805 255
211 431 4662822 255
194 421 4662838 255
183 401 4662855 255
173 385 4662871 255
168 362 4662887 255
173 343 4662904 255
178 329 4662920 255
188 309 4662937 255
210 287 4662953 255
229 264 4662970 255
240 247 4662986 255
253 232 4663002 255
261 217 4663019 255
268 189 4663035 255
261 177 4663052 255
250 171 4663088 255
