30
263 180 4688558 255
252 176 4688614 255
240 178 4688631 255
206 198 4688647 255
192 212 4688663 255
181 232 4688680 255
171 253 4688696 255
168 266 4688713 255
174 277 4688729 255
181 286 4688746 255
196 288 4688762 255
219 281 4688779 255
234 267 4688795 255
248 247 4688811 255
260 225 4688828 255
267 201 4688844 255
270 186 4688861 255
270 182 4688877 255
270 180 4688894 255
269 183 4688910 255
261 200 4688926 255
252 228 4688943 255
247 265 4688959 255
243 298 4688976 255
242 326 4688992 255
241 346 4689009 255
240 364 4689025 255
239 371 4689041 255
238 375 4689058 255
238 376 4689102 255
