26
214 371 4853727 255
228 372 4853776 255
236 365 4853792 255
242 359 4853808 255
270 317 4853825 255
282 283 4853841 255
288 253 4853858 255
289 226 4853874 255
289 196 4853891 255
283 176 4853907 255
272 156 4853923 255
256 146 4853941 255
244 142 4853956 255
223 147 4853973 255
201 161 4853989 255
174 191 4854006 255
155 224 4854022 255
145 266 4854038 255
142 298 4854055 255
146 326 4854071 255
155 348 4854088 255
170 368 4854104 255
180 375 4854121 255
194 380 4854137 255
212 376 4854153 255
227 371 4854190 255
