33
241 144 4683292 255
231 150 4683340 255
209 159 4683357 255
193 164 4683373 255
177 168 4683390 255
167 169 4683406 255
162 169 4683423 255
158 171 4683439 255
155 179 4683455 255
150 193 4683472 255
146 211 4683488 255
145 226 4683505 255
144 244 4683521 255
143 257 4683538 255
143 263 4683554 255
147 267 4683570 255
150 269 4683587 255
157 270 4683603 255
172 270 4683620 255
198 268 4683636 255
223 269 4683653 255
242 274 4683669 255
259 282 4683685 255
273 300 4683702 255
278 317 4683718 255
269 333 4683735 255
243 359 4683751 255
216 379 4683768 255
193 391 4683784 255
175 397 4683800 255
156 395 4683817 255
142 383 4683833 255
139 379 4683860 255
