26
293 179 4659656 255
263 175 4659700 255
248 178 4659717 255
216 199 4659733 255
193 219 4659749 255
166 250 4659766 255
148 270 4659782 255
136 307 4659799 255
133 329 4659815 255
133 357 4659832 255
135 373 4659848 255
145 396 4659864 255
161 406 4659881 255
176 416 4659897 255
187 416 4659914 255
217 405 4659930 255
233 390 4659947 255
242 379 4659963 255
249 354 4659979 255
249 333 4659996 255
243 314 4660012 255
236 303 4660029 255
216 295 4660045 255
194 294 4660062 255
169 298 4660078 255
148 312 4660112 255
