30
123 93 20286146 255
128 98 20286174 255
131 99 20286184 255
131 104 20286208 255
128 110 20286218 255
122 120 20286240 255
115 123 20286250 255
102 126 20286268 255
89 118 20286292 255
82 113 20286304 255
79 103 20286326 255
80 95 20286336 255
81 90 20286348 255
83 87 20286360 255
89 81 20286376 255
95 80 20286392 255
105 78 20286412 255
109 79 20286424 255
112 81 20286434 255
115 86 20286444 255
120 94 20286468 255
124 105 20286484 255
124 113 20286500 255
124 119 20286510 255
124 137 20286520 255
123 155 20286544 255
122 165 20286564 255
122 171 20286576 255
121 177 20286592 255
121 177 20286630 255
