34
89 64 19932492 255
89 68 19932522 255
89 69 19932532 255
89 75 19932554 255
89 82 19932564 255
88 93 19932588 255
87 109 19932604 255
86 116 19932620 255
86 125 19932640 255
86 128 19932652 255
86 133 19932672 255
87 134 19932684 255
88 136 19932696 255
91 137 19932712 255
97 137 19932728 255
101 138 19932740 255
110 138 19932760 255
116 138 19932772 255
123 138 19932782 255
129 138 19932792 255
137 138 19932814 255
139 138 19932820 255
142 138 19932870 255
126 101 19932988 255
132 106 19933042 255
134 111 19933052 255
132 122 19933076 255
130 130 19933086 255
129 146 19933108 255
129 161 19933124 255
132 172 19933140 255
134 181 19933160 255
134 182 19933172 255
133 180 19933206 255
