36
129 48 19933936 255
124 48 19933986 255
122 50 19933996 255
116 51 19934018 255
110 52 19934028 255
101 53 19934052 255
98 53 19934056 255
95 54 19934072 255
93 55 19934084 255
91 58 19934104 255
90 61 19934116 255
89 66 19934138 255
88 68 19934148 255
88 75 19934164 255
87 86 19934192 255
87 90 19934204 255
87 96 19934224 255
87 98 19934236 255
87 100 19934256 255
91 101 19934274 255
96 101 19934288 255
105 100 19934312 255
109 100 19934322 255
119 102 19934344 255
125 104 19934354 255
130 107 19934364 255
135 119 19934382 255
133 124 19934398 255
129 134 19934408 255
121 152 19934430 255
116 156 19934440 255
110 158 19934452 255
104 159 19934464 255
93 156 19934484 255
85 152 19934492 255
68 141 19934540 255
