29
121 120 20275388 255
120 117 20275404 255
120 114 20275416 255
119 109 20275436 255
119 104 20275454 255
119 100 20275470 255
120 95 20275480 255
121 92 20275492 255
126 91 20275502 255
135 96 20275524 255
139 99 20275536 255
144 114 20275556 255
146 127 20275564 255
147 156 20275588 255
141 180 20275610 255
135 186 20275620 255
128 191 20275644 255
125 192 20275654 255
123 191 20275664 255
121 187 20275672 255
118 177 20275696 255
117 169 20275708 255
114 151 20275730 255
114 146 20275740 255
114 141 20275752 255
114 134 20275762 255
114 123 20275780 255
114 120 20275796 255
114 117 20275828 255
