31
143 116 20308216 255
143 121 20308254 255
138 124 20308264 255
129 129 20308288 255
125 130 20308298 255
112 132 20308320 255
106 133 20308326 255
98 132 20308352 255
93 127 20308372 255
91 123 20308384 255
89 115 20308406 255
90 112 20308416 255
91 110 20308428 255
96 107 20308434 255
105 100 20308460 255
109 98 20308472 255
117 98 20308492 255
123 98 20308504 255
129 100 20308514 255
133 101 20308524 255
139 104 20308542 255
141 111 20308558 255
144 123 20308580 255
145 136 20308590 255
144 169 20308612 255
143 182 20308624 255
139 192 20308644 255
138 197 20308652 255
136 206 20308676 255
135 208 20308688 255
136 204 20308732 255
