39
60 96 43548660 255
62 92 43548712 255
67 91 43548720 255
76 88 43548744 255
90 86 43548760 255
97 84 43548776 255
104 83 43548788 255
113 84 43548800 255
121 84 43548808 255
133 87 43548832 255
137 89 43548840 255
142 96 43548864 255
143 102 43548868 255
141 107 43548884 255
137 113 43548896 255
131 124 43548904 255
125 136 43548916 255
115 149 43548940 255
104 158 43548952 255
91 176 43548972 255
82 180 43548976 255
62 198 43549016 255
59 204 43549024 255
56 207 43549036 255
53 211 43549056 255
52 213 43549068 255
52 215 43549088 255
52 215 43549104 255
54 215 43549124 255
59 215 43549144 255
66 214 43549156 255
76 214 43549176 255
93 214 43549196 255
100 214 43549208 255
115 214 43549232 255
123 214 43549244 255
134 214 43549264 255
142 214 43549288 255
149 214 43549332 255
