52
166 61 43554164 255
161 60 43554236 255
156 59 43554252 255
154 59 43554268 255
149 60 43554280 255
136 60 43554300 255
125 60 43554320 255
117 60 43554332 255
105 59 43554356 255
101 59 43554360 255
95 59 43554388 255
93 59 43554400 255
91 59 43554408 255
90 60 43554420 255
89 63 43554440 255
88 69 43554452 255
87 79 43554472 255
86 85 43554484 255
86 91 43554496 255
86 97 43554508 255
85 108 43554528 255
85 112 43554540 255
85 117 43554560 255
84 120 43554576 255
85 121 43554592 255
85 122 43554616 255
85 120 43554624 255
87 118 43554648 255
88 115 43554660 255
97 110 43554680 255
106 106 43554704 255
110 105 43554712 255
124 109 43554736 255
130 112 43554744 255
139 118 43554768 255
144 121 43554776 255
148 128 43554788 255
156 137 43554796 255
163 150 43554824 255
163 159 43554832 255
158 172 43554856 255
156 177 43554864 255
148 194 43554888 255
129 207 43554904 255
123 209 43554920 255
115 211 43554928 255
103 211 43554952 255
98 209 43554964 255
90 201 43554984 255
87 197 43554996 255
84 189 43555012 255
84 181 43555052 255
