25
151 48 43969804 255
142 50 43969856 255
136 53 43969864 255
119 66 43969888 255
104 80 43969892 255
85 113 43969920 255
79 121 43969928 255
69 145 43969952 255
76 173 43969972 255
79 180 43969984 255
85 201 43970000 255
96 209 43970016 255
108 214 43970040 255
114 215 43970048 255
123 214 43970072 255
139 201 43970092 255
144 193 43970112 255
144 190 43970124 255
133 178 43970148 255
127 173 43970160 255
109 170 43970180 255
103 173 43970192 255
92 179 43970212 255
88 181 43970216 255
86 182 43970256 255
