28
61 85 43965768 255
67 85 43965820 255
72 85 43965832 255
91 82 43965852 255
99 83 43965860 255
120 85 43965884 255
127 87 43965896 255
133 88 43965904 255
138 90 43965916 255
143 100 43965940 255
143 106 43965952 255
129 122 43965968 255
104 144 43965992 255
99 147 43966004 255
94 150 43966024 255
93 151 43966036 255
99 153 43966056 255
109 158 43966076 255
119 163 43966092 255
137 176 43966112 255
140 179 43966124 255
144 186 43966144 255
141 198 43966168 255
128 208 43966184 255
110 214 43966200 255
100 217 43966208 255
75 223 43966232 255
70 224 43966264 255
