45
134 70 43544296 255
129 69 43544336 255
127 69 43544348 255
122 71 43544368 255
120 74 43544380 255
109 81 43544396 255
104 84 43544412 255
100 88 43544424 255
96 94 43544432 255
90 108 43544456 255
89 116 43544468 255
86 140 43544488 255
85 156 43544504 255
86 166 43544520 255
87 177 43544544 255
88 187 43544552 255
99 204 43544576 255
104 208 43544584 255
108 210 43544596 255
114 214 43544616 255
122 214 43544640 255
129 213 43544652 255
140 209 43544672 255
147 204 43544684 255
165 189 43544704 255
175 168 43544724 255
177 162 43544736 255
179 147 43544760 255
179 139 43544772 255
180 125 43544792 255
180 119 43544804 255
179 107 43544824 255
178 91 43544848 255
174 84 43544856 255
163 73 43544880 255
160 70 43544888 255
154 67 43544912 255
150 65 43544924 255
143 65 43544936 255
137 65 43544940 255
129 65 43544968 255
125 66 43544976 255
117 75 43545000 255
113 79 43545008 255
109 84 43545040 255
