28
124 114 159370784 255
117 114 159370848 255
108 115 159370864 255
95 117 159370880 255
84 122 159370896 255
64 139 159370912 255
57 145 159370928 255
47 156 159370944 255
35 171 159370976 255
31 186 159370976 255
30 197 159370992 255
42 208 159371024 255
49 211 159371040 255
62 212 159371040 255
87 213 159371072 255
101 209 159371088 255
113 200 159371104 255
135 187 159371120 255
141 181 159371136 255
146 169 159371152 255
149 155 159371168 255
148 146 159371184 255
147 137 159371200 255
135 124 159371232 255
128 121 159371232 255
117 119 159371264 255
111 119 159371264 255
99 120 159371312 255
