35
62 80 159388288 255
68 78 159388352 255
76 79 159388368 255
87 79 159388384 255
113 73 159388400 255
128 69 159388416 255
139 65 159388432 255
154 62 159388448 255
160 61 159388464 255
163 61 159388480 255
163 65 159388512 255
160 68 159388512 255
157 73 159388528 255
149 83 159388560 255
142 90 159388576 255
130 105 159388592 255
126 109 159388592 255
119 120 159388608 255
110 132 159388624 255
100 145 159388640 255
97 150 159388640 255
94 161 159388656 255
90 173 159388688 255
89 180 159388688 255
89 182 159388752 255
72 144 159388864 255
77 143 159388896 255
84 143 159388912 255
97 143 159388928 255
118 143 159388944 255
137 140 159388960 255
149 138 159388976 255
165 133 159388992 255
169 132 159388992 255
173 131 159389040 255
