35
151 86 159392192 255
147 83 159392240 255
136 80 159392256 255
129 79 159392256 255
121 78 159392288 255
110 79 159392288 255
95 83 159392320 255
92 84 159392336 255
89 86 159392336 255
87 101 159392368 255
87 108 159392384 255
88 115 159392400 255
92 116 159392416 255
101 117 159392432 255
114 118 159392464 255
124 117 159392464 255
134 114 159392480 255
144 102 159392512 255
147 97 159392528 255
148 94 159392528 255
149 92 159392560 255
149 91 159392576 255
149 94 159392592 255
149 95 159392592 255
149 103 159392608 255
148 109 159392624 255
139 122 159392656 255
131 134 159392656 255
126 142 159392672 255
119 166 159392704 255
116 173 159392720 255
114 178 159392720 255
111 199 159392752 255
110 205 159392768 255
111 211 159392800 255
