37
64 81 159416208 255
74 76 159416240 255
79 74 159416256 255
88 72 159416272 255
106 71 159416288 255
111 72 159416288 255
123 75 159416304 255
132 77 159416320 255
143 83 159416352 255
145 86 159416352 255
146 90 159416368 255
143 95 159416384 255
134 102 159416400 255
125 108 159416400 255
109 113 159416432 255
97 115 159416448 255
93 115 159416464 255
90 115 159416480 255
92 115 159416496 255
96 115 159416512 255
109 115 159416528 255
122 115 159416528 255
141 118 159416560 255
148 120 159416576 255
152 123 159416592 255
154 133 159416608 255
153 137 159416608 255
152 142 159416624 255
148 147 159416640 255
124 165 159416656 255
109 171 159416672 255
96 175 159416688 255
88 176 159416704 255
69 179 159416720 255
61 179 159416720 255
56 179 159416736 255
54 179 159416784 255
