39
143 90 160049552 255
136 88 160049584 255
130 88 160049600 255
124 86 160049616 255
121 85 160049632 255
118 84 160049632 255
113 84 160049648 255
103 83 160049664 255
96 84 160049680 255
90 86 160049696 255
88 87 160049696 255
82 95 160049712 255
73 104 160049728 255
64 114 160049744 255
62 120 160049744 255
60 131 160049760 255
59 138 160049776 255
71 146 160049808 255
78 147 160049808 255
84 147 160049824 255
106 138 160049856 255
116 130 160049872 255
126 123 160049888 255
138 115 160049904 255
141 111 160049920 255
142 109 160049936 255
143 107 160049952 255
141 109 160049968 255
140 111 160049984 255
139 113 160050000 255
133 117 160050000 255
129 127 160050016 255
121 149 160050048 255
119 163 160050064 255
115 174 160050064 255
110 197 160050096 255
108 204 160050112 255
107 209 160050128 255
108 214 160050176 255
