36
144 61 160075152 255
137 59 160075184 255
132 59 160075200 255
122 68 160075216 255
115 75 160075232 255
102 84 160075264 255
93 100 160075264 255
90 108 160075280 255
90 118 160075312 255
91 121 160075312 255
100 130 160075328 255
109 138 160075344 255
131 147 160075360 255
139 150 160075376 255
144 153 160075392 255
150 167 160075408 255
151 173 160075424 255
149 180 160075456 255
147 182 160075456 255
137 189 160075472 255
127 196 160075472 255
112 202 160075504 255
106 202 160075504 255
99 199 160075520 255
94 193 160075536 255
92 176 160075552 255
99 165 160075568 255
107 154 160075584 255
130 128 160075600 255
139 113 160075616 255
148 98 160075648 255
150 94 160075648 255
153 88 160075648 255
153 79 160075664 255
149 64 160075696 255
142 59 160075744 255
