31
71 80 159423152 255
71 76 159423168 255
74 74 159423184 255
75 73 159423200 255
81 75 159423216 255
87 75 159423232 255
107 74 159423264 255
116 72 159423264 255
128 71 159423280 255
143 67 159423312 255
147 67 159423328 255
149 68 159423328 255
150 72 159423360 255
149 76 159423376 255
148 79 159423392 255
136 92 159423408 255
129 102 159423424 255
120 114 159423440 255
117 122 159423456 255
109 133 159423456 255
103 141 159423472 255
94 162 159423504 255
92 170 159423520 255
91 175 159423520 255
90 180 159423584 255
84 138 159423680 255
90 141 159423728 255
106 144 159423744 255
120 145 159423760 255
146 144 159423776 255
160 142 159423840 255
