43
81 78 159419264 255
83 74 159419280 255
84 72 159419296 255
90 71 159419312 255
100 69 159419328 255
114 65 159419344 255
130 63 159419360 255
137 61 159419376 255
144 60 159419440 255
79 76 159419520 255
79 73 159419536 255
80 75 159419552 255
80 78 159419568 255
80 81 159419584 255
80 84 159419600 255
80 89 159419616 255
79 98 159419616 255
79 105 159419632 255
78 113 159419664 255
78 116 159419680 255
79 118 159419680 255
82 119 159419712 255
83 119 159419712 255
86 118 159419728 255
89 117 159419744 255
95 116 159419744 255
103 115 159419760 255
109 114 159419776 255
118 115 159419808 255
132 117 159419808 255
139 119 159419824 255
143 125 159419840 255
147 140 159419872 255
147 146 159419872 255
145 152 159419888 255
138 163 159419904 255
123 176 159419936 255
113 179 159419936 255
103 182 159419952 255
85 182 159419984 255
77 180 159420000 255
71 176 159420000 255
67 162 159420064 255
