30
88 88 200078704 255
87 84 200078736 255
91 83 200078768 255
97 82 200078768 255
108 82 200078800 255
124 83 200078816 255
130 84 200078832 255
135 86 200078832 255
142 89 200078864 255
145 93 200078880 255
146 99 200078896 255
147 111 200078912 255
146 120 200078912 255
146 131 200078928 255
145 142 200078944 255
145 171 200078960 255
145 175 200078976 255
146 185 200079008 255
146 189 200079008 255
146 192 200079024 255
146 195 200079024 255
146 200 200079056 255
146 199 200079088 255
127 161 200079168 255
135 157 200079200 255
142 156 200079216 255
146 156 200079232 255
150 156 200079248 255
160 155 200079264 255
166 155 200079312 255
