30
97 105 200054992 255
92 110 200055040 255
91 113 200055040 255
89 120 200055072 255
89 123 200055072 255
88 130 200055104 255
87 132 200055104 255
87 133 200055120 255
88 132 200055136 255
95 131 200055152 255
100 130 200055168 255
110 128 200055184 255
118 129 200055200 255
125 130 200055216 255
130 135 200055216 255
138 145 200055248 255
140 150 200055248 255
143 170 200055280 255
136 177 200055296 255
132 180 200055312 255
122 185 200055328 255
114 187 200055344 255
102 190 200055360 255
98 189 200055392 255
104 99 200055488 255
108 96 200055536 255
111 96 200055552 255
120 96 200055568 255
126 95 200055584 255
131 95 200055616 255
