32
151 80 200053216 255
143 85 200053264 255
138 89 200053280 255
123 99 200053296 255
113 105 200053312 255
96 116 200053328 255
91 122 200053360 255
91 125 200053360 255
97 132 200053376 255
103 136 200053392 255
119 144 200053424 255
131 150 200053440 255
134 151 200053456 255
139 154 200053472 255
142 154 200053488 255
143 152 200053504 255
143 146 200053536 255
143 143 200053536 255
144 137 200053568 255
144 134 200053568 255
144 132 200053600 255
144 131 200053600 255
144 132 200053632 255
144 135 200053648 255
144 139 200053664 255
144 149 200053680 255
144 154 200053696 255
144 161 200053696 255
144 167 200053712 255
145 178 200053728 255
146 182 200053744 255
147 189 200053792 255
