40
62 75 199650912 255
59 71 199650928 255
59 68 199650944 255
64 68 199650960 255
69 67 199650976 255
84 65 199651008 255
93 65 199651008 255
102 64 199651024 255
112 64 199651040 255
128 64 199651056 255
133 64 199651056 255
139 66 199651088 255
140 69 199651104 255
138 74 199651104 255
134 78 199651120 255
125 86 199651136 255
115 93 199651152 255
96 111 199651168 255
93 115 199651184 255
91 117 199651200 255
90 118 199651200 255
88 121 199651232 255
88 122 199651232 255
93 122 199651264 255
104 122 199651280 255
112 122 199651296 255
127 123 199651312 255
133 124 199651328 255
141 129 199651344 255
144 134 199651360 255
146 139 199651376 255
148 148 199651392 255
149 154 199651408 255
148 161 199651408 255
139 173 199651440 255
132 178 199651440 255
117 184 199651456 255
106 188 199651472 255
94 191 199651488 255
86 190 199651520 255
