28
81 79 199676976 255
82 74 199677008 255
83 72 199677008 255
86 68 199677040 255
93 66 199677056 255
105 64 199677072 255
123 64 199677088 255
129 65 199677104 255
140 74 199677120 255
144 79 199677136 255
147 97 199677152 255
148 107 199677168 255
146 117 199677184 255
125 147 199677200 255
122 153 199677216 255
119 158 199677216 255
113 168 199677232 255
108 174 199677248 255
105 180 199677264 255
107 182 199677280 255
111 184 199677296 255
114 184 199677296 255
130 184 199677328 255
150 183 199677344 255
158 182 199677360 255
169 182 199677376 255
173 182 199677392 255
176 181 199677424 255
