38
143 123 199661120 255
147 119 199661184 255
149 113 199661184 255
150 108 199661200 255
152 98 199661216 255
151 90 199661232 255
151 84 199661248 255
149 79 199661264 255
138 72 199661280 255
133 69 199661280 255
119 67 199661312 255
111 70 199661328 255
98 81 199661344 255
95 84 199661360 255
93 88 199661360 255
91 93 199661376 255
92 100 199661392 255
97 101 199661408 255
107 100 199661424 255
111 98 199661440 255
117 97 199661456 255
123 95 199661456 255
133 88 199661488 255
140 84 199661504 255
142 83 199661520 255
144 82 199661536 255
146 82 199661536 255
147 85 199661552 255
148 89 199661568 255
149 94 199661584 255
149 107 199661600 255
150 112 199661616 255
151 128 199661632 255
152 139 199661664 255
153 144 199661664 255
154 150 199661696 255
155 153 199661696 255
157 155 199661744 255
