48
55 77 18868712 255
54 73 18868762 255
54 73 18868772 255
55 73 18868816 255
55 73 18868828 255
57 73 18868848 255
63 74 18868860 255
74 72 18868880 255
85 69 18868898 255
91 68 18868912 255
101 66 18868936 255
104 65 18868946 255
111 65 18868968 255
114 66 18868978 255
119 71 18869006 255
121 75 18869022 255
122 79 18869032 255
122 91 18869054 255
123 98 18869064 255
122 106 18869076 255
122 114 18869088 255
120 141 18869108 255
119 165 18869130 255
118 173 18869140 255
117 186 18869164 255
117 192 18869172 255
116 197 18869184 255
116 202 18869196 255
115 207 18869216 255
115 208 18869224 255
115 208 18869248 255
114 207 18869260 255
114 206 18869272 255
114 204 18869304 255
62 148 18869478 255
68 146 18869542 255
72 146 18869552 255
84 147 18869574 255
91 148 18869584 255
106 148 18869608 255
113 148 18869616 255
119 148 18869628 255
125 147 18869636 255
134 146 18869660 255
137 144 18869672 255
140 143 18869692 255
141 142 18869704 255
143 141 18869732 255
