42
138 67 19298318 255
139 63 19298358 255
137 63 19298368 255
130 65 19298390 255
127 67 19298400 255
118 71 19298422 255
111 72 19298428 255
99 75 19298456 255
89 78 19298476 255
82 80 19298488 255
72 83 19298508 255
69 84 19298520 255
65 90 19298536 255
64 97 19298564 255
63 101 19298574 255
63 112 19298596 255
62 117 19298608 255
62 122 19298618 255
62 125 19298628 255
64 130 19298646 255
67 131 19298660 255
74 133 19298684 255
77 133 19298692 255
80 134 19298704 255
83 135 19298716 255
96 137 19298736 255
106 145 19298754 255
111 150 19298768 255
116 154 19298780 255
126 166 19298802 255
132 178 19298812 255
129 188 19298834 255
127 191 19298844 255
120 205 19298862 255
107 213 19298878 255
95 220 19298900 255
79 222 19298920 255
72 221 19298932 255
48 207 19298952 255
35 194 19298972 255
32 182 19298986 255
32 176 19299020 255
