30
76 145 18857544 255
79 142 18857584 255
80 141 18857596 255
82 138 18857616 255
83 135 18857628 255
88 124 18857648 255
94 119 18857660 255
99 112 18857670 255
105 103 18857676 255
112 89 18857704 255
114 86 18857714 255
116 81 18857736 255
118 80 18857746 255
119 80 18857756 255
120 82 18857768 255
122 92 18857784 255
123 99 18857800 255
123 120 18857822 255
123 138 18857832 255
123 156 18857844 255
122 169 18857856 255
122 186 18857876 255
121 195 18857894 255
121 199 18857908 255
121 202 18857920 255
121 203 18857930 255
121 204 18857940 255
121 205 18857964 255
120 205 18857974 255
120 205 18858008 255
