44
125 87 19304386 255
124 83 19304404 255
123 81 19304408 255
121 77 19304436 255
120 75 19304446 255
118 69 19304468 255
114 67 19304480 255
109 65 19304490 255
104 64 19304500 255
95 64 19304518 255
89 66 19304532 255
76 69 19304556 255
71 71 19304566 255
64 78 19304588 255
61 89 19304608 255
61 97 19304626 255
66 102 19304640 255
70 106 19304652 255
78 113 19304674 255
84 114 19304684 255
92 115 19304696 255
98 113 19304706 255
107 110 19304728 255
111 108 19304734 255
120 101 19304760 255
123 98 19304772 255
128 94 19304792 255
130 91 19304816 255
131 91 19304826 255
131 93 19304844 255
132 96 19304858 255
132 103 19304880 255
129 118 19304900 255
127 131 19304912 255
124 164 19304934 255
123 187 19304952 255
123 193 19304966 255
123 207 19304988 255
123 212 19305000 255
124 221 19305032 255
125 222 19305042 255
130 224 19305060 255
134 223 19305076 255
137 218 19305108 255
