53
83 90 18892216 255
84 87 18892232 255
84 85 18892244 255
84 84 18892264 255
85 84 18892276 255
85 86 18892288 255
86 88 18892292 255
86 93 18892320 255
87 96 18892330 255
87 103 18892352 255
86 108 18892362 255
86 113 18892372 255
85 118 18892384 255
83 129 18892400 255
82 135 18892416 255
81 142 18892438 255
80 145 18892448 255
80 146 18892460 255
81 148 18892472 255
84 149 18892492 255
91 150 18892510 255
96 151 18892524 255
105 153 18892548 255
110 154 18892556 255
119 155 18892580 255
122 155 18892590 255
125 155 18892600 255
127 154 18892612 255
129 153 18892618 255
130 152 18892632 255
131 150 18892644 255
131 142 18892666 255
130 138 18892676 255
129 133 18892688 255
129 129 18892698 255
127 120 18892720 255
127 118 18892726 255
127 117 18892742 255
127 118 18892764 255
127 122 18892774 255
127 127 18892784 255
127 142 18892806 255
127 152 18892816 255
128 185 18892836 255
128 198 18892850 255
128 206 18892860 255
128 211 18892872 255
129 219 18892892 255
129 223 18892904 255
129 227 18892926 255
129 229 18892944 255
129 229 18892958 255
128 221 18893012 255
