45
137 56 18886464 255
134 53 18886504 255
130 53 18886508 255
126 52 18886536 255
124 51 18886546 255
120 50 18886556 255
116 51 18886568 255
106 52 18886590 255
101 55 18886600 255
93 61 18886618 255
84 68 18886644 255
80 73 18886656 255
73 83 18886676 255
69 90 18886688 255
64 110 18886708 255
61 130 18886726 255
61 137 18886740 255
62 147 18886764 255
64 152 18886774 255
70 162 18886796 255
76 168 18886806 255
82 172 18886816 255
88 177 18886828 255
96 180 18886834 255
102 182 18886850 255
108 183 18886860 255
122 185 18886882 255
129 185 18886892 255
135 183 18886904 255
141 181 18886916 255
151 172 18886936 255
156 165 18886944 255
167 143 18886968 255
169 135 18886980 255
169 122 18887000 255
166 105 18887024 255
163 98 18887034 255
156 84 18887052 255
153 78 18887066 255
141 69 18887088 255
135 64 18887100 255
131 61 18887108 255
128 58 18887120 255
123 52 18887142 255
121 52 18887176 255
