38
77 113 18889488 255
79 110 18889514 255
80 109 18889524 255
83 107 18889546 255
93 103 18889564 255
99 99 18889580 255
105 95 18889590 255
113 93 18889600 255
121 91 18889612 255
134 88 18889632 255
138 89 18889644 255
144 96 18889666 255
145 99 18889672 255
145 114 18889698 255
121 157 18889720 255
108 170 18889732 255
88 192 18889752 255
78 195 18889764 255
69 201 18889774 255
64 209 18889780 255
58 217 18889806 255
57 220 18889816 255
55 223 18889840 255
55 224 18889850 255
57 225 18889860 255
63 225 18889872 255
75 225 18889888 255
84 225 18889904 255
102 224 18889926 255
111 224 18889936 255
119 224 18889948 255
126 224 18889958 255
137 224 18889980 255
144 224 18889996 255
145 223 18890012 255
148 223 18890034 255
149 221 18890056 255
149 218 18890088 255
