35
135 102 19263408 255
130 99 19263436 255
127 97 19263448 255
121 92 19263470 255
113 91 19263480 255
99 91 19263502 255
90 92 19263524 255
82 95 19263530 255
64 104 19263556 255
56 112 19263568 255
45 127 19263588 255
43 133 19263600 255
41 139 19263612 255
40 145 19263620 255
42 151 19263640 255
46 162 19263654 255
55 177 19263676 255
61 183 19263686 255
66 185 19263696 255
72 188 19263708 255
85 190 19263730 255
98 188 19263748 255
105 186 19263762 255
111 182 19263772 255
119 176 19263784 255
134 156 19263806 255
138 148 19263816 255
142 134 19263838 255
141 122 19263856 255
139 117 19263872 255
135 110 19263880 255
129 100 19263904 255
126 97 19263914 255
120 91 19263936 255
117 89 19263972 255
