43
131 76 19274972 255
127 72 19275008 255
126 70 19275020 255
123 66 19275042 255
122 66 19275048 255
119 66 19275074 255
114 67 19275084 255
109 69 19275096 255
103 70 19275108 255
96 74 19275128 255
93 78 19275140 255
89 88 19275156 255
89 92 19275182 255
89 99 19275192 255
98 113 19275216 255
105 121 19275226 255
114 136 19275248 255
120 154 19275264 255
124 160 19275280 255
129 179 19275302 255
127 185 19275324 255
124 201 19275334 255
119 214 19275356 255
109 219 19275372 255
104 220 19275388 255
100 219 19275400 255
96 215 19275410 255
94 211 19275420 255
90 203 19275442 255
89 194 19275452 255
89 167 19275476 255
100 147 19275480 255
114 116 19275508 255
118 109 19275528 255
119 105 19275540 255
123 94 19275562 255
123 89 19275584 255
122 85 19275590 255
119 78 19275616 255
118 73 19275628 255
115 62 19275648 255
115 57 19275660 255
115 53 19275688 255
