55
123 93 18855606 255
121 89 18855644 255
119 87 18855662 255
119 86 18855678 255
118 85 18855688 255
116 87 18855710 255
113 88 18855720 255
108 89 18855732 255
104 92 18855744 255
97 96 18855764 255
95 97 18855772 255
92 101 18855796 255
90 104 18855808 255
89 106 18855818 255
87 109 18855828 255
83 117 18855852 255
82 120 18855862 255
79 129 18855880 255
78 133 18855894 255
77 138 18855904 255
76 143 18855916 255
75 153 18855938 255
75 159 18855948 255
76 170 18855970 255
78 180 18855988 255
79 185 18856004 255
86 197 18856036 255
89 200 18856046 255
95 206 18856068 255
99 209 18856078 255
106 212 18856096 255
110 213 18856112 255
114 213 18856122 255
118 212 18856132 255
126 208 18856154 255
130 205 18856164 255
137 197 18856188 255
145 182 18856204 255
151 169 18856220 255
155 154 18856240 255
155 149 18856252 255
155 139 18856272 255
154 135 18856284 255
152 125 18856306 255
147 116 18856328 255
144 112 18856338 255
136 106 18856360 255
133 104 18856372 255
127 100 18856392 255
123 99 18856404 255
120 98 18856414 255
117 96 18856420 255
110 94 18856448 255
108 93 18856456 255
107 91 18856502 255
