29
119 46 169057328 255
118 52 169057376 255
116 60 169057376 255
99 102 169057408 255
89 135 169057424 255
85 155 169057440 255
78 176 169057456 255
76 185 169057472 255
79 201 169057488 255
81 205 169057504 255
94 208 169057520 255
119 202 169057552 255
133 196 169057552 255
159 189 169057584 255
168 186 169057600 255
171 184 169057616 255
174 181 169057632 255
171 178 169057648 255
162 171 169057696 255
122 115 169057728 255
122 118 169057776 255
128 130 169057792 255
132 139 169057808 255
137 159 169057824 255
144 211 169057840 255
144 227 169057856 255
143 238 169057856 255
144 247 169057872 255
145 258 169057920 255
