24
61 82 169062416 255
70 78 169062480 255
74 76 169062496 255
87 72 169062512 255
95 71 169062528 255
107 70 169062544 255
113 70 169062560 255
118 71 169062576 255
124 76 169062576 255
129 88 169062608 255
129 102 169062608 255
123 154 169062624 255
122 174 169062640 255
121 184 169062656 255
120 196 169062672 255
119 206 169062688 255
119 209 169062704 255
118 214 169062720 255
118 216 169062768 255
92 160 169062864 255
98 157 169062912 255
109 156 169062928 255
119 155 169062944 255
127 153 169062976 255
