34
148 87 169946912 255
149 82 169946928 255
149 78 169946928 255
149 72 169946944 255
148 70 169946960 255
148 68 169946976 255
146 67 169946992 255
136 66 169947008 255
131 68 169947024 255
119 79 169947040 255
93 114 169947056 255
88 133 169947072 255
85 149 169947104 255
85 159 169947104 255
86 175 169947136 255
89 186 169947136 255
96 197 169947152 255
109 206 169947168 255
113 208 169947184 255
118 208 169947200 255
129 200 169947216 255
134 193 169947232 255
139 183 169947232 255
142 173 169947248 255
144 164 169947264 255
143 161 169947280 255
134 158 169947296 255
130 158 169947312 255
126 158 169947328 255
121 160 169947328 255
108 170 169947360 255
103 174 169947360 255
95 180 169947392 255
93 182 169947424 255