25
143 45 169871584 255
137 44 169871648 255
130 50 169871664 255
126 56 169871680 255
123 62 169871680 255
97 100 169871712 255
89 125 169871712 255
86 139 169871728 255
85 153 169871744 255
85 189 169871760 255
86 204 169871760 255
90 218 169871792 255
95 221 169871808 255
100 222 169871808 255
105 222 169871824 255
114 213 169871840 255
124 204 169871856 255
139 175 169871872 255
139 165 169871888 255
131 152 169871904 255
126 149 169871936 255
123 151 169871936 255
114 159 169871968 255
97 180 169871984 255
93 188 169872016 255
