27
48 74 169033056 255
50 71 169033088 255
52 70 169033088 255
60 68 169033120 255
67 67 169033120 255
87 67 169033152 255
107 66 169033168 255
117 66 169033184 255
130 71 169033200 255
135 76 169033216 255
143 98 169033232 255
145 115 169033248 255
145 147 169033248 255
141 181 169033264 255
127 215 169033280 255
124 239 169033280 255
123 244 169033296 255
123 255 169033312 255
123 259 169033328 255
123 259 169033360 255
123 256 169033392 255
104 174 169033504 255
109 175 169033552 255
112 175 169033552 255
127 171 169033568 255
138 168 169033600 255
148 164 169033632 255
