37
149 86 10848352 255
149 89 10848424 255
149 103 10848438 255
149 112 10848458 255
149 119 10848470 255
149 131 10848482 255
149 143 10848506 255
148 162 10848520 255
148 181 10848548 255
147 192 10848560 255
146 204 10848582 255
144 213 10848598 255
144 220 10848610 255
143 229 10848636 255
142 227 10848692 255
155 88 10848902 255
150 86 10848972 255
147 86 10848986 255
139 86 10848998 255
127 86 10849024 255
121 86 10849038 255
114 87 10849050 255
97 92 10849074 255
93 98 10849088 255
90 105 10849100 255
88 114 10849126 255
87 117 10849138 255
88 128 10849152 255
93 141 10849176 255
102 145 10849188 255
109 147 10849200 255
123 150 10849228 255
134 150 10849240 255
138 150 10849252 255
141 151 10849252 255
152 151 10849266 255
159 150 10849304 255
