33
124 85 10470438 255
119 86 10470468 255
117 86 10470482 255
113 87 10470494 255
98 100 10470518 255
93 107 10470530 255
90 112 10470544 255
84 127 10470570 255
82 136 10470582 255
81 143 10470596 255
80 165 10470622 255
81 173 10470634 255
82 185 10470658 255
85 197 10470674 255
87 202 10470686 255
90 208 10470710 255
98 210 10470722 255
105 211 10470738 255
120 206 10470762 255
130 199 10470774 255
138 192 10470788 255
151 174 10470814 255
156 164 10470826 255
160 153 10470850 255
161 149 10470850 255
160 138 10470866 255
157 129 10470878 255
152 119 10470902 255
150 116 10470902 255
145 108 10470916 255
136 100 10470930 255
122 93 10470954 255
114 91 10471004 255
