31
67 150 10472770 255
73 149 10472804 255
75 149 10472804 255
79 148 10472818 255
81 147 10472832 255
85 140 10472854 255
86 136 10472856 255
90 128 10472868 255
99 124 10472880 255
111 112 10472908 255
114 102 10472920 255
116 96 10472932 255
118 88 10472960 255
119 85 10472972 255
119 83 10472984 255
120 81 10473008 255
120 81 10473024 255
120 82 10473042 255
120 83 10473054 255
119 86 10473074 255
120 101 10473098 255
120 113 10473112 255
121 126 10473124 255
123 146 10473150 255
124 153 10473150 255
124 166 10473164 255
125 176 10473176 255
125 198 10473200 255
125 204 10473214 255
125 209 10473228 255
125 211 10473276 255
