59
149 84 10846020 255
146 78 10846070 255
137 79 10846084 255
130 79 10846096 255
122 80 10846120 255
119 81 10846134 255
108 83 10846158 255
101 84 10846172 255
95 85 10846184 255
93 86 10846198 255
89 88 10846210 255
88 93 10846222 255
86 107 10846248 255
86 112 10846262 255
86 114 10846274 255
88 118 10846300 255
90 124 10846312 255
99 130 10846326 255
106 137 10846338 255
111 142 10846352 255
115 145 10846362 255
126 148 10846390 255
131 149 10846390 255
139 152 10846402 255
143 158 10846416 255
149 172 10846440 255
152 176 10846454 255
157 180 10846466 255
163 193 10846492 255
163 200 10846504 255
161 205 10846518 255
156 211 10846542 255
154 214 10846556 255
151 216 10846568 255
139 216 10846596 255
131 216 10846606 255
126 214 10846620 255
121 212 10846632 255
117 209 10846646 255
113 204 10846660 255
108 194 10846682 255
107 191 10846684 255
106 187 10846696 255
106 182 10846710 255
110 172 10846736 255
113 165 10846748 255
115 159 10846760 255
121 153 10846786 255
124 152 10846786 255
135 147 10846810 255
143 143 10846824 255
147 135 10846838 255
151 130 10846852 255
159 120 10846876 255
161 114 10846888 255
162 106 10846902 255
159 94 10846926 255
156 90 10846940 255
154 89 10846982 255
