44
84 99 10863564 255
84 95 10863586 255
84 94 10863588 255
84 93 10863600 255
85 91 10863614 255
89 88 10863638 255
90 88 10863640 255
96 86 10863652 255
103 85 10863664 255
113 82 10863690 255
117 82 10863704 255
121 83 10863716 255
134 85 10863742 255
139 86 10863754 255
143 91 10863778 255
144 93 10863780 255
145 100 10863794 255
146 107 10863806 255
146 113 10863818 255
146 115 10863830 255
145 119 10863832 255
143 128 10863844 255
138 136 10863856 255
129 147 10863882 255
126 152 10863882 255
117 168 10863908 255
110 173 10863920 255
102 178 10863934 255
91 187 10863960 255
88 191 10863972 255
84 197 10863984 255
80 201 10863998 255
75 206 10864022 255
75 208 10864036 255
76 208 10864046 255
82 210 10864074 255
85 210 10864086 255
92 210 10864100 255
109 208 10864126 255
118 207 10864138 255
129 207 10864150 255
144 207 10864174 255
150 207 10864190 255
158 208 10864238 255
