35
84 88 10477070 255
99 87 10477114 255
107 86 10477126 255
112 86 10477138 255
123 88 10477164 255
132 92 10477178 255
138 97 10477192 255
143 110 10477216 255
144 113 10477228 255
138 118 10477242 255
127 129 10477268 255
122 134 10477280 255
117 138 10477292 255
104 143 10477318 255
99 144 10477332 255
94 145 10477356 255
93 145 10477370 255
94 146 10477390 255
99 147 10477400 255
108 148 10477420 255
114 149 10477434 255
126 154 10477458 255
133 157 10477472 255
138 163 10477484 255
143 174 10477510 255
144 178 10477522 255
138 185 10477548 255
132 192 10477562 255
126 197 10477574 255
119 204 10477598 255
115 205 10477600 255
108 206 10477612 255
100 207 10477626 255
90 206 10477650 255
86 205 10477700 255
