41
78 150 10828338 255
83 149 10828422 255
84 148 10828430 255
86 140 10828456 255
88 131 10828468 255
95 123 10828492 255
99 122 10828492 255
105 116 10828508 255
109 109 10828520 255
114 99 10828544 255
115 96 10828544 255
117 91 10828558 255
119 87 10828572 255
121 81 10828596 255
122 80 10828608 255
122 78 10828622 255
122 78 10828636 255
122 79 10828666 255
122 81 10828678 255
122 84 10828698 255
122 88 10828712 255
122 103 10828736 255
123 111 10828748 255
123 120 10828764 255
124 134 10828786 255
124 138 10828788 255
124 146 10828800 255
125 155 10828812 255
126 169 10828838 255
126 172 10828840 255
127 180 10828852 255
127 188 10828864 255
127 196 10828876 255
127 203 10828892 255
127 208 10828904 255
126 214 10828928 255
126 215 10828940 255
126 217 10828954 255
127 217 10828978 255
127 217 10828980 255
128 216 10829022 255
