84
93 70 23380544 255
92 73 23380636 255
100 73 23380654 255
104 73 23380668 255
107 73 23380680 255
111 73 23380702 255
113 73 23380712 255
115 73 23380734 255
117 74 23380756 255
118 74 23380762 255
119 74 23380788 255
119 74 23380800 255
119 74 23380844 255
94 75 23381062 255
89 76 23381168 255
89 76 23381172 255
89 79 23381200 255
88 80 23381210 255
88 87 23381232 255
88 94 23381252 255
87 97 23381264 255
87 102 23381280 255
87 106 23381296 255
87 110 23381308 255
87 114 23381318 255
86 121 23381340 255
86 124 23381352 255
87 127 23381372 255
87 130 23381388 255
87 130 23381404 255
87 131 23381426 255
87 131 23381436 255
87 131 23381460 255
88 128 23381480 255
88 125 23381498 255
89 123 23381512 255
89 121 23381524 255
90 118 23381536 255
92 115 23381544 255
96 112 23381568 255
99 110 23381578 255
105 109 23381600 255
110 108 23381620 255
112 108 23381632 255
115 108 23381654 255
116 110 23381664 255
118 113 23381686 255
119 115 23381696 255
120 116 23381708 255
121 118 23381714 255
123 120 23381740 255
123 121 23381752 255
124 126 23381772 255
123 127 23381784 255
123 131 23381816 255
122 131 23381822 255
122 132 23381836 255
122 134 23381860 255
121 134 23381870 255
121 135 23381892 255
121 136 23381902 255
120 138 23381924 255
120 138 23381930 255
119 141 23381956 255
119 143 23381968 255
119 145 23381978 255
118 146 23381988 255
117 150 23382012 255
116 153 23382020 255
115 156 23382040 255
114 158 23382054 255
111 160 23382076 255
109 161 23382086 255
104 162 23382108 255
101 162 23382120 255
97 159 23382140 255
95 158 23382148 255
93 155 23382172 255
93 154 23382184 255
92 152 23382204 255
92 151 23382216 255
92 150 23382228 255
94 150 23382238 255
98 148 23382282 255
