55
73 172 23369988 255
76 168 23370046 255
77 168 23370056 255
79 164 23370074 255
81 158 23370088 255
83 147 23370112 255
84 142 23370120 255
85 135 23370132 255
86 128 23370144 255
87 117 23370164 255
89 107 23370182 255
91 100 23370196 255
93 95 23370208 255
95 90 23370220 255
98 87 23370230 255
102 83 23370252 255
104 82 23370262 255
106 84 23370284 255
107 90 23370304 255
108 94 23370316 255
108 106 23370338 255
107 113 23370348 255
104 136 23370370 255
102 149 23370380 255
101 157 23370392 255
100 168 23370398 255
99 182 23370424 255
99 186 23370436 255
98 194 23370456 255
97 198 23370468 255
96 202 23370478 255
95 205 23370488 255
94 208 23370506 255
93 209 23370522 255
91 209 23370544 255
90 207 23370554 255
89 207 23370576 255
88 207 23370588 255
87 206 23370608 255
87 205 23370616 255
87 205 23370640 255
87 205 23370662 255
88 205 23370672 255
91 205 23370696 255
93 205 23370706 255
97 204 23370724 255
101 203 23370748 255
103 203 23370760 255
105 203 23370780 255
106 202 23370792 255
107 201 23370814 255
109 201 23370832 255
109 201 23370846 255
109 202 23370868 255
111 201 23370900 255
