38
80 115 23772264 255
83 112 23772292 255
84 111 23772302 255
85 109 23772324 255
86 108 23772336 255
91 107 23772356 255
100 106 23772374 255
104 106 23772388 255
110 106 23772412 255
112 106 23772422 255
114 109 23772444 255
115 112 23772454 255
116 114 23772464 255
116 122 23772482 255
115 126 23772496 255
112 130 23772508 255
100 146 23772530 255
96 152 23772540 255
92 158 23772552 255
88 162 23772562 255
76 173 23772584 255
71 178 23772590 255
66 185 23772616 255
64 187 23772628 255
63 188 23772638 255
63 190 23772648 255
66 188 23772670 255
70 186 23772680 255
77 183 23772698 255
82 179 23772714 255
89 176 23772724 255
95 174 23772736 255
105 171 23772756 255
108 170 23772768 255
113 168 23772788 255
115 167 23772806 255
116 167 23772822 255
117 167 23772856 255
