52
84 158 23404612 255
84 152 23404706 255
85 148 23404716 255
87 139 23404740 255
90 125 23404756 255
92 120 23404772 255
94 113 23404782 255
98 100 23404792 255
101 91 23404804 255
105 82 23404824 255
107 79 23404836 255
109 70 23404858 255
109 68 23404864 255
110 67 23404890 255
111 69 23404912 255
111 70 23404924 255
111 73 23404944 255
111 77 23404956 255
111 89 23404972 255
111 96 23404988 255
111 105 23405000 255
110 112 23405008 255
110 126 23405032 255
109 139 23405042 255
109 151 23405064 255
110 158 23405080 255
110 160 23405096 255
110 164 23405118 255
110 165 23405128 255
109 167 23405150 255
107 167 23405160 255
106 167 23405172 255
100 168 23405188 255
98 168 23405204 255
96 168 23405216 255
94 168 23405236 255
93 168 23405248 255
92 167 23405258 255
91 167 23405268 255
91 167 23405280 255
93 168 23405296 255
98 168 23405324 255
100 168 23405334 255
103 168 23405344 255
106 168 23405356 255
112 168 23405376 255
114 168 23405388 255
118 168 23405404 255
119 168 23405420 255
119 168 23405432 255
119 169 23405442 255
119 169 23405486 255
