32
72 93 23781892 255
72 90 23781930 255
74 89 23781940 255
79 88 23781962 255
85 88 23781980 255
91 87 23781996 255
97 86 23782006 255
102 86 23782016 255
106 87 23782028 255
112 89 23782048 255
114 91 23782060 255
117 97 23782080 255
119 99 23782088 255
119 102 23782104 255
120 107 23782114 255
120 118 23782136 255
120 123 23782146 255
119 138 23782168 255
118 145 23782180 255
117 160 23782196 255
116 177 23782222 255
116 181 23782232 255
116 187 23782254 255
115 189 23782264 255
115 191 23782288 255
115 193 23782332 255
87 150 23782484 255
95 147 23782548 255
101 146 23782556 255
116 143 23782580 255
124 141 23782590 255
138 139 23782634 255
