37
135 99 23780064 255
129 95 23780124 255
128 94 23780134 255
124 92 23780156 255
123 93 23780168 255
119 94 23780184 255
113 96 23780200 255
107 98 23780210 255
102 100 23780220 255
94 108 23780242 255
89 115 23780252 255
69 137 23780276 255
61 156 23780292 255
60 159 23780308 255
59 168 23780328 255
60 173 23780340 255
68 182 23780360 255
72 185 23780372 255
76 187 23780384 255
87 189 23780400 255
94 187 23780416 255
100 184 23780426 255
109 176 23780448 255
112 173 23780460 255
114 170 23780470 255
115 166 23780480 255
116 156 23780502 255
115 152 23780508 255
105 147 23780536 255
101 145 23780544 255
97 144 23780556 255
94 146 23780568 255
87 148 23780588 255
84 151 23780600 255
80 156 23780616 255
79 158 23780632 255
79 161 23780664 255
