52
99 88 23775832 255
97 84 23775856 255
97 84 23775872 255
96 82 23775884 255
96 83 23775894 255
96 84 23775904 255
95 88 23775926 255
94 91 23775936 255
92 97 23775960 255
91 103 23775964 255
89 116 23775992 255
87 126 23776012 255
86 130 23776024 255
85 139 23776044 255
85 142 23776056 255
85 145 23776068 255
86 148 23776072 255
89 151 23776100 255
95 151 23776110 255
105 154 23776132 255
109 156 23776144 255
114 158 23776152 255
120 159 23776164 255
129 162 23776182 255
132 162 23776196 255
134 163 23776218 255
134 163 23776228 255
133 163 23776240 255
132 161 23776252 255
129 156 23776272 255
126 148 23776290 255
124 144 23776304 255
124 141 23776316 255
123 136 23776328 255
123 133 23776336 255
122 130 23776348 255
122 131 23776370 255
122 131 23776392 255
121 132 23776398 255
121 134 23776424 255
121 139 23776446 255
121 145 23776456 255
121 155 23776478 255
121 162 23776488 255
121 177 23776506 255
121 189 23776532 255
121 195 23776544 255
121 207 23776564 255
121 212 23776576 255
121 215 23776586 255
121 217 23776596 255
121 220 23776640 255
