55
92 81 23410248 255
89 78 23410288 255
89 78 23410300 255
88 78 23410320 255
88 80 23410332 255
87 88 23410352 255
87 92 23410360 255
85 98 23410386 255
83 107 23410408 255
81 113 23410418 255
78 122 23410440 255
77 125 23410452 255
78 130 23410468 255
80 132 23410494 255
81 133 23410504 255
84 134 23410526 255
86 134 23410536 255
93 134 23410560 255
100 134 23410576 255
103 134 23410592 255
107 133 23410612 255
109 133 23410624 255
111 133 23410644 255
112 132 23410656 255
112 132 23410668 255
113 129 23410684 255
114 127 23410700 255
114 126 23410710 255
114 124 23410732 255
114 122 23410744 255
114 122 23410752 255
114 121 23410764 255
113 119 23410786 255
113 119 23410792 255
112 119 23410818 255
111 119 23410828 255
109 121 23410852 255
108 122 23410862 255
108 125 23410872 255
109 127 23410884 255
108 130 23410900 255
108 132 23410916 255
108 138 23410936 255
108 141 23410948 255
108 146 23410960 255
107 151 23410970 255
107 158 23410992 255
107 166 23411008 255
107 172 23411024 255
108 177 23411036 255
108 181 23411046 255
108 184 23411056 255
109 188 23411078 255
109 190 23411088 255
109 191 23411144 255
