58
78 88 23750748 255
83 85 23750780 255
86 85 23750796 255
92 84 23750808 255
103 82 23750828 255
112 80 23750852 255
118 80 23750860 255
128 79 23750884 255
132 79 23750888 255
135 79 23750938 255
74 89 23751036 255
79 89 23751100 255
79 92 23751110 255
80 97 23751132 255
79 99 23751144 255
78 106 23751164 255
78 110 23751176 255
76 115 23751186 255
74 120 23751192 255
73 127 23751218 255
74 129 23751228 255
75 132 23751252 255
76 133 23751262 255
76 134 23751272 255
78 134 23751284 255
80 134 23751300 255
81 133 23751316 255
84 129 23751336 255
85 127 23751348 255
87 125 23751360 255
89 122 23751370 255
99 116 23751392 255
108 115 23751408 255
113 116 23751424 255
119 117 23751436 255
125 118 23751446 255
130 122 23751456 255
139 127 23751478 255
142 129 23751488 255
147 135 23751512 255
149 139 23751516 255
151 148 23751544 255
152 156 23751564 255
152 159 23751576 255
151 165 23751596 255
150 169 23751608 255
145 178 23751624 255
135 185 23751652 255
131 187 23751662 255
124 190 23751684 255
116 192 23751704 255
113 191 23751716 255
104 187 23751732 255
101 186 23751748 255
97 181 23751770 255
96 178 23751780 255
96 176 23751792 255
96 174 23751824 255
