65
128 85 23420372 255
124 81 23420412 255
123 80 23420436 255
121 78 23420456 255
120 77 23420468 255
118 75 23420484 255
117 74 23420500 255
111 73 23420520 255
107 72 23420532 255
102 72 23420544 255
99 72 23420554 255
94 72 23420576 255
90 73 23420592 255
89 74 23420608 255
87 75 23420630 255
86 77 23420640 255
84 85 23420662 255
84 89 23420672 255
84 96 23420696 255
84 101 23420716 255
84 103 23420728 255
85 108 23420748 255
86 111 23420760 255
88 115 23420780 255
89 116 23420792 255
91 117 23420804 255
93 117 23420808 255
98 116 23420836 255
101 114 23420846 255
105 112 23420868 255
106 110 23420878 255
108 109 23420888 255
109 108 23420900 255
111 106 23420916 255
113 106 23420932 255
114 104 23420954 255
115 103 23420964 255
116 101 23420976 255
117 100 23420988 255
118 96 23421008 255
118 95 23421026 255
119 94 23421040 255
119 95 23421052 255
119 96 23421072 255
119 97 23421084 255
119 98 23421096 255
119 99 23421106 255
118 101 23421128 255
118 102 23421134 255
118 104 23421160 255
118 105 23421170 255
118 109 23421180 255
118 113 23421192 255
118 122 23421214 255
117 125 23421224 255
117 133 23421242 255
117 144 23421268 255
117 149 23421280 255
117 156 23421300 255
117 159 23421312 255
117 163 23421332 255
117 165 23421350 255
117 166 23421364 255
117 167 23421388 255
117 167 23421432 255
