45
69 66 23418278 255
72 62 23418336 255
75 61 23418348 255
81 60 23418364 255
85 59 23418380 255
97 56 23418400 255
102 55 23418412 255
109 56 23418434 255
114 59 23418456 255
117 63 23418472 255
117 65 23418488 255
118 66 23418500 255
118 68 23418508 255
118 69 23418520 255
117 71 23418542 255
116 73 23418552 255
108 83 23418574 255
103 88 23418580 255
99 93 23418596 255
95 99 23418608 255
86 119 23418628 255
82 125 23418640 255
74 134 23418660 255
72 141 23418672 255
70 146 23418684 255
70 150 23418688 255
72 156 23418716 255
74 158 23418726 255
78 160 23418748 255
81 160 23418768 255
82 158 23418780 255
85 149 23418796 255
86 145 23418812 255
87 133 23418834 255
88 126 23418844 255
87 120 23418856 255
87 115 23418866 255
85 101 23418888 255
76 88 23418904 255
71 83 23418920 255
68 80 23418932 255
65 78 23418942 255
64 75 23418952 255
63 68 23418976 255
65 64 23419004 255
