33
79 83 15654266 255
80 80 15654294 255
81 79 15654304 255
84 78 15654326 255
89 77 15654336 255
102 77 15654358 255
113 77 15654376 255
117 80 15654390 255
122 85 15654412 255
122 89 15654424 255
119 96 15654446 255
118 99 15654456 255
113 101 15654466 255
103 109 15654484 255
99 112 15654500 255
96 115 15654510 255
94 119 15654532 255
95 120 15654542 255
100 120 15654554 255
104 123 15654564 255
115 128 15654586 255
122 130 15654592 255
132 135 15654618 255
135 140 15654630 255
138 146 15654640 255
139 152 15654652 255
135 162 15654672 255
130 169 15654684 255
123 175 15654700 255
111 182 15654716 255
99 185 15654738 255
95 185 15654748 255
91 180 15654794 255
