35
66 91 15630518 255
65 87 15630552 255
68 84 15630562 255
75 80 15630584 255
80 79 15630596 255
95 77 15630618 255
107 76 15630638 255
113 75 15630650 255
122 76 15630672 255
125 79 15630682 255
124 86 15630704 255
121 93 15630726 255
120 96 15630732 255
112 100 15630758 255
107 103 15630768 255
102 106 15630790 255
101 108 15630802 255
104 111 15630812 255
107 113 15630824 255
117 122 15630840 255
124 126 15630856 255
137 136 15630878 255
142 146 15630888 255
145 153 15630900 255
146 157 15630910 255
147 164 15630932 255
145 168 15630942 255
140 174 15630948 255
135 179 15630964 255
131 182 15630974 255
119 187 15630996 255
106 189 15631018 255
102 188 15631030 255
96 185 15631050 255
94 180 15631084 255
