33
148 71 15214838 255
145 74 15214898 255
139 80 15214910 255
128 91 15214930 255
98 119 15214948 255
93 125 15214964 255
91 127 15214974 255
89 130 15214996 255
88 133 15215018 255
91 135 15215028 255
102 140 15215050 255
107 144 15215056 255
121 150 15215082 255
131 155 15215104 255
134 156 15215116 255
139 156 15215138 255
140 153 15215148 255
139 146 15215166 255
138 143 15215180 255
138 141 15215192 255
137 138 15215202 255
137 133 15215224 255
137 132 15215234 255
138 131 15215256 255
140 133 15215274 255
141 134 15215290 255
142 144 15215310 255
142 150 15215322 255
143 160 15215344 255
144 174 15215366 255
144 184 15215382 255
144 188 15215398 255
144 191 15215432 255
