28
125 107 15624792 255
120 106 15624836 255
119 107 15624846 255
116 114 15624868 255
114 119 15624880 255
108 134 15624896 255
105 147 15624912 255
104 167 15624934 255
105 177 15624944 255
108 182 15624956 255
109 186 15624966 255
114 191 15624988 255
119 194 15625006 255
125 194 15625020 255
130 194 15625032 255
138 186 15625052 255
141 182 15625064 255
144 177 15625074 255
146 171 15625086 255
148 152 15625108 255
148 145 15625114 255
147 122 15625140 255
146 118 15625150 255
143 115 15625162 255
139 112 15625172 255
131 108 15625194 255
129 107 15625204 255
125 107 15625250 255
