35
101 72 15661946 255
107 72 15661982 255
110 73 15661994 255
122 74 15662014 255
133 76 15662032 255
136 79 15662048 255
139 83 15662058 255
138 92 15662080 255
129 102 15662102 255
123 109 15662112 255
102 128 15662134 255
97 132 15662140 255
94 138 15662156 255
92 146 15662166 255
91 155 15662188 255
92 158 15662200 255
101 164 15662220 255
106 166 15662232 255
117 167 15662250 255
123 167 15662264 255
128 166 15662276 255
131 163 15662286 255
131 154 15662308 255
128 149 15662318 255
121 139 15662340 255
102 122 15662358 255
96 116 15662372 255
90 111 15662394 255
89 109 15662406 255
87 101 15662428 255
87 98 15662438 255
89 92 15662448 255
94 88 15662460 255
99 84 15662466 255
104 79 15662504 255
