26
82 109 15211742 255
84 105 15211776 255
84 104 15211792 255
85 104 15211802 255
94 102 15211824 255
99 102 15211836 255
104 102 15211846 255
109 103 15211858 255
119 104 15211878 255
124 105 15211886 255
127 117 15211912 255
125 122 15211922 255
123 130 15211934 255
119 143 15211944 255
100 164 15211966 255
94 176 15211976 255
90 185 15211994 255
89 187 15212010 255
89 190 15212032 255
94 191 15212042 255
99 191 15212052 255
105 191 15212064 255
124 190 15212086 255
138 190 15212102 255
146 190 15212118 255
158 190 15212162 255
