35
111 113 15243884 255
108 118 15243920 255
104 122 15243936 255
100 126 15243946 255
95 131 15243968 255
92 138 15243990 255
91 141 15244000 255
90 144 15244022 255
94 145 15244028 255
104 142 15244054 255
111 143 15244066 255
119 144 15244076 255
126 146 15244088 255
136 153 15244108 255
140 157 15244120 255
144 167 15244136 255
145 174 15244152 255
145 180 15244164 255
144 184 15244174 255
134 192 15244196 255
129 196 15244206 255
119 202 15244228 255
107 204 15244246 255
102 203 15244260 255
95 201 15244282 255
94 200 15244294 255
92 199 15244338 255
123 112 15244436 255
122 109 15244468 255
124 108 15244478 255
131 107 15244500 255
135 107 15244510 255
142 107 15244532 255
150 108 15244550 255
157 108 15244588 255
