39
151 73 15632260 255
144 80 15632342 255
139 85 15632352 255
130 94 15632374 255
127 98 15632384 255
120 108 15632406 255
116 117 15632424 255
115 121 15632440 255
116 127 15632460 255
118 129 15632472 255
129 133 15632494 255
134 135 15632504 255
138 137 15632516 255
141 139 15632526 255
143 142 15632532 255
145 143 15632548 255
147 144 15632558 255
149 142 15632580 255
149 141 15632590 255
149 139 15632602 255
150 137 15632612 255
150 129 15632634 255
150 124 15632640 255
151 117 15632666 255
151 115 15632678 255
151 115 15632700 255
151 117 15632722 255
151 121 15632732 255
151 127 15632750 255
151 132 15632764 255
151 146 15632786 255
152 152 15632798 255
152 159 15632808 255
153 166 15632818 255
153 179 15632840 255
154 186 15632858 255
154 189 15632872 255
155 190 15632884 255
155 192 15632918 255
