26
100 162 15238000 255
102 157 15238028 255
104 152 15238040 255
110 143 15238062 255
112 136 15238072 255
127 116 15238094 255
139 97 15238104 255
143 88 15238116 255
144 84 15238122 255
146 81 15238148 255
146 80 15238158 255
147 79 15238180 255
147 82 15238192 255
146 87 15238202 255
145 92 15238214 255
141 108 15238230 255
135 125 15238246 255
128 156 15238268 255
128 166 15238278 255
128 183 15238300 255
130 192 15238322 255
133 203 15238340 255
134 207 15238354 255
135 210 15238366 255
136 211 15238376 255
136 212 15238410 255
