34
183 191 3552584 255
183 199 3552659 255
183 204 3552675 255
187 208 3552691 255
193 213 3552708 255
206 217 3552724 255
219 219 3552741 255
233 223 3552757 255
250 229 3552774 255
273 243 3552790 255
292 265 3552806 255
305 285 3552823 255
311 305 3552839 255
311 329 3552856 255
303 357 3552872 255
294 378 3552889 255
286 391 3552905 255
269 399 3552921 255
252 400 3552938 255
229 395 3552954 255
204 381 3552971 255
178 341 3552987 255
167 304 3553004 255
165 290 3553026 255
310 135 3553173 255
301 136 3553217 255
290 137 3553234 255
268 140 3553250 255
249 142 3553266 255
230 144 3553283 255
212 147 3553299 255
200 152 3553316 255
191 156 3553332 255
186 158 3553363 255
