39
135 62 3376786 255
144 62 3376850 255
151 62 3376867 255
168 62 3376883 255
191 64 3376900 255
218 66 3376916 255
240 69 3376933 255
261 70 3376949 255
277 70 3376965 255
289 70 3376982 255
300 68 3376998 255
309 68 3377015 255
315 68 3377031 255
317 68 3377048 255
317 72 3377064 255
311 82 3377080 255
306 93 3377097 255
299 109 3377113 255
289 141 3377130 255
278 173 3377146 255
260 216 3377163 255
251 252 3377179 255
246 291 3377195 255
243 320 3377212 255
241 341 3377228 255
240 355 3377245 255
240 361 3377261 255
239 362 3377289 255
349 195 3377436 255
349 195 3377458 255
340 195 3377475 255
321 198 3377491 255
298 204 3377508 255
268 210 3377524 255
244 213 3377540 255
216 216 3377557 255
191 210 3377573 255
163 197 3377590 255
160 194 3377613 255
