41
172 129 3549354 255
181 122 3549389 255
188 115 3549406 255
195 111 3549422 255
213 109 3549439 255
238 114 3549455 255
264 128 3549471 255
278 147 3549488 255
283 159 3549504 255
283 169 3549521 255
276 180 3549537 255
262 192 3549554 255
248 203 3549570 255
234 210 3549586 255
218 215 3549603 255
208 216 3549619 255
202 217 3549636 255
198 218 3549652 255
197 219 3549669 255
197 220 3549685 255
205 221 3549701 255
218 225 3549718 255
232 232 3549734 255
245 241 3549751 255
263 255 3549767 255
274 266 3549784 255
282 280 3549800 255
287 307 3549816 255
288 336 3549833 255
283 361 3549849 255
278 373 3549866 255
264 388 3549882 255
248 407 3549899 255
230 418 3549915 255
208 425 3549931 255
187 424 3549948 255
156 410 3549964 255
130 377 3549981 255
105 328 3549997 255
93 290 3550014 255
86 257 3550047 255
