40
337 88 3530443 255
328 84 3530473 255
314 81 3530490 255
299 83 3530506 255
269 90 3530523 255
242 101 3530539 255
216 114 3530556 255
199 133 3530572 255
184 156 3530588 255
169 187 3530605 255
159 222 3530621 255
157 248 3530638 255
162 275 3530654 255
170 299 3530671 255
178 321 3530687 255
184 331 3530703 255
191 340 3530720 255
200 345 3530736 255
211 346 3530753 255
221 340 3530769 255
231 332 3530786 255
239 322 3530802 255
246 298 3530818 255
247 279 3530835 255
248 260 3530851 255
246 234 3530868 255
241 220 3530884 255
234 208 3530901 255
223 195 3530917 255
211 189 3530933 255
199 182 3530950 255
191 178 3530966 255
182 176 3530983 255
173 175 3530999 255
164 175 3531016 255
158 175 3531032 255
154 177 3531048 255
151 179 3531065 255
149 181 3531081 255
145 183 3531116 255
