38
150 275 3369580 255
152 270 3369605 255
160 246 3369622 255
166 228 3369638 255
177 189 3369654 255
186 154 3369671 255
194 130 3369687 255
204 123 3369704 255
220 120 3369720 255
236 126 3369737 255
260 148 3369753 255
276 174 3369769 255
283 213 3369786 255
284 255 3369802 255
278 278 3369819 255
268 294 3369835 255
255 311 3369852 255
245 319 3369868 255
228 323 3369884 255
208 328 3369901 255
184 333 3369917 255
160 338 3369934 255
145 343 3369950 255
135 347 3369967 255
127 357 3369983 255
125 363 3369999 255
124 368 3370016 255
125 371 3370032 255
130 373 3370049 255
143 375 3370065 255
168 377 3370082 255
192 377 3370098 255
223 374 3370114 255
249 371 3370131 255
271 368 3370147 255
284 365 3370164 255
296 361 3370180 255
316 346 3370210 255
