53
150 111 97018672 255
149 107 97018720 255
149 106 97018728 255
148 104 97018752 255
146 102 97018768 255
142 101 97018784 255
138 100 97018792 255
133 99 97018808 255
129 99 97018816 255
122 99 97018840 255
116 100 97018848 255
105 102 97018872 255
100 105 97018880 255
93 111 97018904 255
88 116 97018928 255
87 118 97018936 255
85 121 97018960 255
85 123 97018968 255
85 124 97018976 255
85 125 97018984 255
87 128 97019008 255
89 131 97019024 255
95 134 97019040 255
100 136 97019056 255
107 138 97019080 255
113 135 97019096 255
116 133 97019112 255
123 130 97019128 255
127 128 97019144 255
134 124 97019168 255
139 118 97019184 255
142 111 97019200 255
144 108 97019216 255
144 105 97019232 255
146 101 97019248 255
147 99 97019272 255
147 99 97019280 255
148 99 97019304 255
148 100 97019312 255
148 104 97019336 255
148 110 97019360 255
148 113 97019368 255
148 118 97019392 255
149 122 97019400 255
149 134 97019424 255
149 145 97019448 255
149 152 97019456 255
149 167 97019480 255
149 173 97019488 255
148 192 97019512 255
148 202 97019528 255
148 206 97019544 255
149 217 97019584 255
