42
125 91 97596528 255
120 92 97596592 255
120 93 97596608 255
119 95 97596632 255
117 99 97596640 255
107 109 97596664 255
102 113 97596672 255
98 117 97596680 255
94 121 97596696 255
89 132 97596720 255
87 137 97596728 255
85 144 97596752 255
85 147 97596760 255
85 148 97596768 255
86 150 97596776 255
90 153 97596800 255
96 154 97596816 255
108 156 97596832 255
117 156 97596848 255
125 157 97596856 255
132 157 97596864 255
147 158 97596888 255
154 158 97596896 255
164 159 97596920 255
168 159 97596928 255
170 160 97596944 255
172 161 97596952 255
173 165 97596984 255
133 132 97597128 255
128 131 97597168 255
126 136 97597184 255
126 139 97597200 255
126 143 97597216 255
126 153 97597232 255
125 161 97597248 255
124 168 97597256 255
124 176 97597264 255
122 197 97597288 255
122 202 97597296 255
122 209 97597320 255
123 214 97597344 255
124 216 97597376 255
