37
77 113 97633080 255
82 110 97633136 255
83 109 97633152 255
90 105 97633168 255
96 104 97633184 255
105 103 97633208 255
111 107 97633224 255
113 110 97633240 255
116 114 97633256 255
116 116 97633272 255
116 121 97633288 255
115 123 97633304 255
112 126 97633312 255
105 134 97633328 255
102 137 97633344 255
101 139 97633360 255
101 140 97633376 255
104 141 97633392 255
106 141 97633400 255
109 141 97633408 255
118 143 97633440 255
122 145 97633456 255
127 147 97633464 255
134 150 97633488 255
134 153 97633504 255
132 155 97633520 255
126 164 97633544 255
124 169 97633544 255
114 177 97633576 255
103 183 97633592 255
99 187 97633608 255
91 194 97633624 255
87 197 97633640 255
84 197 97633648 255
82 198 97633656 255
81 197 97633672 255
80 196 97633704 255
