28
85 165 97630384 255
85 161 97630432 255
86 160 97630448 255
86 158 97630464 255
89 155 97630488 255
93 151 97630488 255
103 140 97630520 255
109 131 97630536 255
111 125 97630552 255
115 114 97630568 255
117 110 97630584 255
118 106 97630592 255
119 104 97630600 255
120 101 97630624 255
121 101 97630640 255
122 105 97630656 255
122 109 97630672 255
123 112 97630680 255
123 116 97630688 255
124 132 97630704 255
123 145 97630720 255
122 171 97630744 255
122 178 97630752 255
121 187 97630768 255
121 194 97630776 255
121 203 97630800 255
123 209 97630816 255
124 212 97630856 255
