42
91 113 97594920 255
97 110 97594976 255
102 108 97594992 255
106 107 97595000 255
114 105 97595024 255
119 105 97595040 255
124 107 97595048 255
128 109 97595056 255
135 113 97595080 255
137 116 97595088 255
138 119 97595112 255
137 121 97595120 255
134 123 97595136 255
131 126 97595144 255
125 136 97595168 255
123 140 97595176 255
118 146 97595192 255
116 148 97595208 255
114 150 97595216 255
113 151 97595232 255
113 153 97595256 255
114 153 97595264 255
115 154 97595288 255
119 154 97595304 255
124 155 97595320 255
133 156 97595336 255
137 157 97595352 255
142 164 97595376 255
144 168 97595384 255
145 172 97595392 255
146 179 97595408 255
145 184 97595424 255
140 190 97595440 255
129 202 97595456 255
124 207 97595472 255
112 212 97595488 255
106 214 97595504 255
97 218 97595520 255
94 219 97595536 255
89 221 97595552 255
87 221 97595568 255
84 221 97595608 255
