48
81 114 97014264 255
88 114 97014336 255
95 111 97014352 255
104 108 97014368 255
114 105 97014376 255
130 101 97014400 255
136 100 97014408 255
143 99 97014416 255
149 98 97014432 255
159 97 97014456 255
163 97 97014456 255
167 97 97014488 255
168 98 97014496 255
168 99 97014504 255
167 101 97014520 255
163 108 97014536 255
161 111 97014552 255
157 117 97014568 255
155 120 97014584 255
154 123 97014592 255
152 129 97014608 255
149 139 97014624 255
143 148 97014648 255
138 157 97014656 255
127 174 97014672 255
124 179 97014688 255
120 191 97014712 255
117 198 97014720 255
112 206 97014744 255
108 209 97014760 255
102 214 97014776 255
99 216 97014784 255
97 219 97014800 255
94 226 97014824 255
94 229 97014832 255
93 232 97014856 255
92 233 97014864 255
92 234 97014896 255
102 161 97015120 255
108 159 97015168 255
109 159 97015184 255
114 159 97015200 255
119 158 97015208 255
131 158 97015232 255
136 157 97015248 255
141 157 97015256 255
148 157 97015264 255
161 157 97015304 255
