39
91 126 97598712 255
97 125 97598784 255
102 125 97598800 255
110 124 97598816 255
115 124 97598832 255
128 123 97598848 255
133 123 97598864 255
137 123 97598872 255
140 123 97598880 255
145 123 97598904 255
147 123 97598912 255
149 123 97598960 255
91 125 97599104 255
88 128 97599208 255
88 132 97599216 255
89 139 97599240 255
89 142 97599248 255
91 146 97599272 255
100 149 97599288 255
104 150 97599304 255
114 152 97599328 255
121 152 97599336 255
133 154 97599360 255
137 154 97599368 255
140 155 97599384 255
145 161 97599400 255
147 165 97599416 255
148 169 97599424 255
148 177 97599448 255
146 182 97599456 255
141 190 97599472 255
133 200 97599480 255
111 215 97599504 255
101 221 97599504 255
93 227 97599536 255
90 227 97599544 255
88 227 97599552 255
85 226 97599568 255
80 224 97599608 255
