68
121 97 96995848 255
116 97 96995952 255
114 98 96995968 255
106 101 96995984 255
102 104 96996000 255
95 111 96996016 255
90 116 96996032 255
87 119 96996048 255
81 125 96996072 255
77 130 96996080 255
71 140 96996104 255
66 148 96996128 255
63 160 96996144 255
63 165 96996160 255
62 170 96996168 255
63 178 96996192 255
65 181 96996208 255
68 186 96996216 255
71 192 96996224 255
76 201 96996248 255
79 204 96996256 255
83 209 96996280 255
85 211 96996288 255
93 213 96996312 255
101 215 96996336 255
104 215 96996344 255
109 215 96996360 255
112 215 96996376 255
115 214 96996400 255
119 212 96996424 255
122 211 96996432 255
129 203 96996456 255
134 197 96996472 255
137 195 96996488 255
141 191 96996512 255
143 189 96996520 255
146 185 96996544 255
147 183 96996552 255
149 174 96996576 255
151 167 96996592 255
152 164 96996608 255
153 159 96996624 255
154 157 96996640 255
154 151 96996656 255
154 147 96996672 255
155 143 96996680 255
154 139 96996688 255
154 133 96996712 255
154 130 96996728 255
152 126 96996744 255
152 124 96996760 255
150 120 96996776 255
149 114 96996800 255
148 111 96996816 255
145 106 96996832 255
142 103 96996848 255
134 100 96996864 255
131 98 96996880 255
128 97 96996888 255
126 96 96996896 255
124 96 96996904 255
122 95 96996920 255
121 95 96996928 255
118 94 96996952 255
117 94 96996960 255
115 94 96996976 255
114 94 96996984 255
112 94 96997024 255
