36
86 87 10951464 255
95 86 10951512 255
104 85 10951524 255
111 85 10951538 255
131 84 10951562 255
138 84 10951574 255
143 84 10951588 255
149 85 10951614 255
150 85 10951626 255
151 87 10951652 255
151 97 10951666 255
151 105 10951676 255
150 115 10951702 255
149 123 10951716 255
148 134 10951728 255
146 148 10951754 255
143 159 10951766 255
139 168 10951780 255
135 179 10951804 255
134 183 10951818 255
134 186 10951830 255
133 188 10951856 255
133 188 10951868 255
131 185 10951932 255
112 132 10952092 255
118 132 10952168 255
123 132 10952182 255
131 130 10952194 255
141 126 10952220 255
144 127 10952220 255
149 127 10952234 255
158 127 10952246 255
171 125 10952270 255
175 123 10952284 255
177 122 10952298 255
178 122 10952332 255
