38
132 75 10921514 255
127 75 10921548 255
126 77 10921550 255
126 78 10921556 255
122 82 10921582 255
121 83 10921594 255
119 85 10921606 255
118 86 10921618 255
108 95 10921634 255
100 104 10921646 255
95 111 10921658 255
88 133 10921682 255
85 142 10921696 255
84 155 10921710 255
84 172 10921734 255
87 180 10921760 255
89 182 10921774 255
94 182 10921786 255
107 182 10921810 255
113 181 10921824 255
118 180 10921838 255
133 165 10921862 255
138 159 10921874 255
140 154 10921888 255
138 144 10921914 255
132 136 10921924 255
127 129 10921938 255
120 122 10921964 255
118 120 10921978 255
116 120 10922000 255
115 119 10922002 255
113 119 10922016 255
111 121 10922028 255
105 126 10922052 255
103 128 10922054 255
99 135 10922066 255
96 140 10922080 255
93 145 10922128 255
