43
68 116 10535668 255
70 111 10535696 255
74 103 10535710 255
77 98 10535724 255
83 91 10535748 255
85 89 10535760 255
89 88 10535774 255
99 88 10535800 255
103 88 10535812 255
105 93 10535836 255
102 101 10535852 255
98 107 10535864 255
93 113 10535888 255
92 115 10535888 255
89 119 10535900 255
87 131 10535916 255
82 142 10535940 255
78 145 10535940 255
70 155 10535952 255
64 165 10535966 255
58 176 10535992 255
57 178 10536004 255
56 180 10536016 255
56 182 10536042 255
56 182 10536044 255
55 183 10536056 255
55 184 10536074 255
55 185 10536086 255
55 188 10536112 255
57 189 10536124 255
59 186 10536138 255
69 184 10536156 255
78 183 10536182 255
80 183 10536182 255
84 183 10536194 255
86 183 10536208 255
88 183 10536232 255
89 182 10536234 255
90 182 10536246 255
94 182 10536258 255
107 181 10536284 255
112 181 10536298 255
116 182 10536340 255
