30
111 85 10943578 255
107 90 10943664 255
98 102 10943678 255
92 111 10943698 255
90 115 10943710 255
87 127 10943734 255
86 139 10943748 255
85 143 10943762 255
86 147 10943784 255
86 147 10943786 255
88 148 10943798 255
95 149 10943810 255
111 149 10943838 255
116 149 10943850 255
125 149 10943862 255
133 149 10943874 255
138 149 10943890 255
141 149 10943902 255
144 149 10943938 255
120 123 10944088 255
119 129 10944132 255
119 136 10944146 255
119 142 10944158 255
119 149 10944182 255
118 156 10944194 255
118 166 10944208 255
117 177 10944234 255
117 180 10944246 255
117 183 10944258 255
117 185 10944296 255
