58
77 85 10537500 255
82 82 10537546 255
83 82 10537548 255
84 82 10537562 255
86 81 10537562 255
90 80 10537574 255
100 80 10537598 255
109 81 10537610 255
113 82 10537626 255
117 84 10537650 255
119 86 10537664 255
119 87 10537676 255
119 98 10537702 255
118 105 10537714 255
117 110 10537726 255
114 114 10537752 255
112 115 10537754 255
106 116 10537766 255
102 117 10537778 255
95 118 10537804 255
93 118 10537818 255
92 118 10537830 255
91 118 10537854 255
92 118 10537868 255
94 118 10537882 255
99 117 10537906 255
104 117 10537918 255
108 117 10537930 255
111 117 10537944 255
114 118 10537956 255
116 118 10537970 255
119 119 10537992 255
120 120 10537994 255
123 125 10538008 255
126 131 10538022 255
132 142 10538044 255
134 146 10538058 255
135 148 10538072 255
132 155 10538096 255
129 163 10538108 255
126 170 10538122 255
122 177 10538148 255
120 179 10538160 255
118 181 10538184 255
117 181 10538186 255
114 182 10538200 255
110 182 10538212 255
99 182 10538238 255
96 182 10538250 255
93 181 10538264 255
87 179 10538288 255
84 172 10538302 255
77 165 10538312 255
64 155 10538340 255
62 152 10538352 255
61 148 10538376 255
62 147 10538378 255
69 144 10538422 255
