45
315 147 2601333 255
304 141 2601360 255
296 137 2601377 255
281 135 2601393 255
254 135 2601410 255
229 142 2601426 255
200 154 2601442 255
178 164 2601459 255
153 175 2601475 255
139 191 2601492 255
133 205 2601508 255
132 218 2601525 255
136 245 2601541 255
150 270 2601557 255
178 301 2601574 255
203 326 2601590 255
233 351 2601607 255
257 372 2601623 255
276 389 2601640 255
283 406 2601656 255
281 416 2601672 255
263 426 2601689 255
246 434 2601705 255
217 441 2601722 255
196 440 2601738 255
174 436 2601755 255
156 426 2601771 255
150 414 2601787 255
154 394 2601804 255
171 373 2601820 255
185 350 2601837 255
203 332 2601853 255
230 311 2601870 255
255 286 2601886 255
280 261 2601902 255
289 235 2601919 255
295 204 2601935 255
296 179 2601952 255
296 164 2601968 255
292 145 2601985 255
283 132 2602001 255
263 126 2602017 255
250 124 2602034 255
242 123 2602050 255
238 123 2602077 255
