27
156 266 2903434 255
175 252 2903470 255
187 235 2903486 255
205 219 2903503 255
230 187 2903519 255
241 166 2903536 255
249 150 2903552 255
257 135 2903568 255
262 129 2903585 255
263 126 2903601 255
264 125 2903618 255
264 127 2903634 255
264 134 2903651 255
263 146 2903667 255
260 160 2903683 255
258 182 2903700 255
257 204 2903716 255
257 226 2903733 255
257 252 2903749 255
257 281 2903766 255
260 304 2903782 255
261 326 2903798 255
263 343 2903815 255
269 363 2903831 255
277 374 2903848 255
283 383 2903864 255
288 388 2903897 255
