41
325 132 2564473 255
309 127 2564505 255
301 126 2564522 255
287 129 2564538 255
261 138 2564555 255
245 147 2564571 255
225 158 2564588 255
206 167 2564604 255
191 182 2564620 255
175 202 2564637 255
158 217 2564653 255
144 243 2564670 255
138 266 2564686 255
133 292 2564703 255
133 312 2564719 255
134 326 2564736 255
138 353 2564752 255
141 365 2564768 255
154 380 2564785 255
172 397 2564801 255
185 408 2564818 255
208 416 2564834 255
226 414 2564851 255
241 406 2564867 255
261 395 2564883 255
276 384 2564900 255
284 374 2564916 255
289 359 2564933 255
291 343 2564949 255
292 331 2564966 255
292 323 2564982 255
286 310 2564998 255
272 293 2565015 255
256 283 2565031 255
246 277 2565048 255
237 273 2565064 255
221 271 2565081 255
205 271 2565097 255
194 277 2565113 255
178 288 2565130 255
154 307 2565165 255
