33
281 151 2586838 255
264 156 2586870 255
252 161 2586886 255
241 167 2586903 255
221 187 2586919 255
203 206 2586936 255
193 223 2586952 255
184 246 2586968 255
174 270 2586985 255
170 296 2587001 255
173 315 2587018 255
179 333 2587034 255
187 356 2587051 255
197 372 2587067 255
218 382 2587083 255
232 386 2587100 255
255 388 2587116 255
277 384 2587133 255
291 378 2587149 255
312 360 2587166 255
326 344 2587182 255
337 327 2587198 255
342 300 2587215 255
343 277 2587231 255
343 243 2587248 255
340 224 2587264 255
331 199 2587281 255
317 180 2587297 255
304 171 2587313 255
295 163 2587330 255
287 157 2587346 255
279 154 2587363 255
278 153 2587386 255
