45
319 123 2946296 255
309 121 2946314 255
299 117 2946331 255
287 115 2946347 255
263 115 2946364 255
248 115 2946380 255
228 119 2946396 255
207 126 2946413 255
193 138 2946429 255
180 155 2946446 255
173 165 2946462 255
170 183 2946479 255
175 205 2946495 255
183 223 2946511 255
196 251 2946528 255
219 274 2946544 255
238 292 2946561 255
271 319 2946577 255
285 330 2946594 255
302 349 2946610 255
316 365 2946626 255
322 374 2946643 255
319 386 2946659 255
310 393 2946676 255
299 398 2946692 255
281 396 2946709 255
260 389 2946725 255
248 381 2946742 255
238 368 2946758 255
232 346 2946774 255
231 326 2946791 255
236 307 2946807 255
242 284 2946824 255
263 264 2946840 255
286 243 2946857 255
308 225 2946873 255
332 203 2946889 255
342 180 2946906 255
345 164 2946922 255
346 148 2946939 255
345 135 2946955 255
335 123 2946972 255
313 110 2946988 255
296 102 2947004 255
261 98 2947042 255
