42
288 168 2603337 255
267 157 2603365 255
251 150 2603381 255
234 146 2603397 255
207 144 2603414 255
187 150 2603430 255
165 158 2603447 255
149 167 2603463 255
139 180 2603480 255
135 197 2603496 255
135 213 2603512 255
141 226 2603529 255
165 250 2603545 255
180 258 2603562 255
199 263 2603578 255
221 264 2603595 255
240 256 2603611 255
262 244 2603627 255
277 233 2603644 255
286 223 2603660 255
290 208 2603677 255
292 195 2603693 255
293 186 2603710 255
293 182 2603726 255
293 180 2603742 255
293 180 2603753 255
293 184 2603775 255
293 196 2603792 255
294 214 2603808 255
295 244 2603825 255
296 273 2603841 255
299 305 2603857 255
301 336 2603874 255
302 360 2603890 255
302 376 2603907 255
296 394 2603923 255
290 407 2603940 255
273 417 2603956 255
256 418 2603972 255
245 417 2603989 255
234 412 2604005 255
230 406 2604040 255
