27
93 129 2914471 255
116 138 2914527 255
135 141 2914543 255
166 144 2914559 255
189 141 2914576 255
217 138 2914592 255
235 134 2914609 255
252 129 2914625 255
264 126 2914642 255
272 125 2914658 255
277 125 2914674 255
278 128 2914691 255
276 135 2914707 255
270 145 2914724 255
256 165 2914740 255
247 188 2914757 255
241 207 2914773 255
237 226 2914789 255
231 257 2914806 255
219 282 2914822 255
207 315 2914839 255
201 333 2914855 255
194 364 2914872 255
191 377 2914888 255
189 393 2914904 255
190 408 2914921 255
190 414 2914947 255
