37
268 357 2939760 255
268 351 2939792 255
268 344 2939808 255
268 333 2939825 255
266 312 2939841 255
263 286 2939858 255
259 253 2939874 255
252 220 2939891 255
249 185 2939907 255
247 151 2939923 255
246 127 2939940 255
245 111 2939956 255
245 93 2939973 255
245 81 2939989 255
245 76 2940006 255
245 74 2940022 255
244 74 2940038 255
240 80 2940055 255
227 96 2940071 255
206 112 2940088 255
183 142 2940104 255
155 162 2940121 255
134 191 2940137 255
116 207 2940153 255
101 222 2940170 255
95 233 2940186 255
95 240 2940203 255
103 249 2940219 255
121 257 2940236 255
148 258 2940252 255
181 257 2940268 255
220 252 2940285 255
259 250 2940301 255
284 255 2940318 255
313 262 2940334 255
331 267 2940351 255
340 270 2940386 255
