29
133 300 2588640 255
133 300 2588693 255
147 288 2588710 255
168 278 2588726 255
185 262 2588743 255
202 244 2588759 255
224 225 2588776 255
236 204 2588792 255
242 189 2588808 255
248 176 2588825 255
256 167 2588841 255
261 161 2588858 255
264 156 2588874 255
266 154 2588891 255
267 158 2588907 255
267 161 2588923 255
262 172 2588940 255
253 199 2588956 255
247 218 2588973 255
243 246 2588989 255
241 266 2589006 255
239 286 2589022 255
238 310 2589038 255
237 320 2589055 255
237 330 2589071 255
237 341 2589088 255
237 353 2589104 255
241 361 2589121 255
244 369 2589158 255
