39
151 86 117503272 255
147 79 117503304 255
132 80 117503320 255
127 80 117503328 255
99 81 117503360 255
83 82 117503376 255
70 87 117503384 255
63 97 117503400 255
59 105 117503416 255
56 123 117503440 255
57 140 117503456 255
59 149 117503472 255
69 162 117503488 255
76 169 117503504 255
82 175 117503528 255
83 176 117503528 255
84 177 117503544 255
85 178 117503560 255
85 177 117503584 255
86 176 117503600 255
87 176 117503608 255
88 173 117503616 255
93 171 117503632 255
104 172 117503648 255
117 173 117503664 255
130 175 117503672 255
139 180 117503688 255
151 198 117503720 255
153 210 117503736 255
153 223 117503744 255
151 231 117503760 255
149 240 117503776 255
136 250 117503808 255
131 255 117503808 255
121 259 117503824 255
113 262 117503824 255
106 263 117503832 255
93 261 117503848 255
70 253 117503904 255
