32
91 80 118794136 255
100 82 118794200 255
118 84 118794216 255
131 88 118794224 255
151 105 118794256 255
155 117 118794264 255
155 122 118794280 255
144 147 118794304 255
131 160 118794320 255
114 174 118794328 255
95 198 118794352 255
91 207 118794368 255
90 211 118794384 255
101 229 118794408 255
105 232 118794416 255
117 236 118794432 255
141 239 118794456 255
154 236 118794472 255
167 222 118794496 255
169 219 118794496 255
165 211 118794512 255
159 197 118794520 255
143 181 118794544 255
137 173 118794544 255
121 159 118794560 255
105 140 118794576 255
83 121 118794600 255
72 105 118794608 255
70 92 118794624 255
78 75 118794640 255
93 64 118794656 255
127 43 118794720 255
