52
58 95 3884714 255
59 90 3884781 255
67 85 3884794 255
73 82 3884806 255
81 79 3884825 255
93 77 3884850 255
97 76 3884851 255
105 76 3884864 255
110 76 3884876 255
118 78 3884901 255
122 78 3884903 255
130 81 3884915 255
136 88 3884927 255
144 98 3884951 255
145 104 3884966 255
145 113 3884978 255
140 128 3885002 255
135 134 3885015 255
129 142 3885029 255
121 154 3885055 255
118 158 3885067 255
115 161 3885078 255
111 163 3885106 255
110 164 3885118 255
110 164 3885129 255
110 164 3885143 255
112 164 3885156 255
114 164 3885169 255
118 165 3885193 255
122 166 3885206 255
130 168 3885220 255
142 180 3885244 255
146 185 3885257 255
149 189 3885269 255
154 196 3885296 255
154 198 3885308 255
154 203 3885320 255
153 208 3885333 255
152 214 3885348 255
150 219 3885360 255
144 224 3885383 255
141 226 3885385 255
133 228 3885396 255
126 230 3885411 255
116 231 3885435 255
111 231 3885436 255
102 231 3885448 255
90 231 3885474 255
87 230 3885487 255
84 230 3885500 255
83 230 3885523 255
83 230 3885562 255
