57
177 71 3489161 255
171 68 3489215 255
161 63 3489228 255
155 59 3489240 255
142 54 3489259 255
127 51 3489284 255
111 50 3489297 255
102 51 3489309 255
93 58 3489336 255
91 61 3489337 255
89 66 3489348 255
87 69 3489361 255
86 78 3489385 255
87 87 3489400 255
88 95 3489412 255
99 113 3489437 255
106 121 3489450 255
114 131 3489475 255
123 143 3489488 255
130 151 3489500 255
139 160 3489527 255
142 162 3489528 255
145 169 3489539 255
147 177 3489552 255
150 189 3489576 255
150 195 3489591 255
150 199 3489603 255
148 210 3489628 255
145 214 3489640 255
135 218 3489655 255
127 221 3489667 255
120 223 3489680 255
108 223 3489691 255
96 222 3489718 255
88 214 3489731 255
85 208 3489744 255
83 200 3489767 255
84 193 3489782 255
86 183 3489795 255
102 169 3489820 255
109 160 3489831 255
120 149 3489846 255
139 137 3489871 255
145 131 3489883 255
153 122 3489896 255
169 109 3489923 255
174 104 3489934 255
178 92 3489958 255
178 88 3489959 255
179 83 3489974 255
180 79 3489985 255
179 73 3490011 255
178 71 3490023 255
177 66 3490037 255
169 56 3490062 255
164 54 3490075 255
159 52 3490112 255
