32
70 140 3477603 255
72 137 3477651 255
76 136 3477664 255
79 134 3477676 255
89 120 3477701 255
100 113 3477714 255
107 105 3477727 255
117 87 3477753 255
121 81 3477765 255
127 77 3477776 255
139 69 3477804 255
143 66 3477816 255
146 65 3477841 255
146 67 3477856 255
147 69 3477868 255
146 80 3477892 255
145 90 3477905 255
143 101 3477919 255
138 124 3477944 255
135 134 3477956 255
132 146 3477968 255
129 167 3477995 255
128 178 3478008 255
128 191 3478031 255
128 195 3478033 255
129 206 3478047 255
129 214 3478059 255
130 223 3478084 255
130 226 3478095 255
131 228 3478110 255
132 230 3478135 255
134 230 3478160 255
