61
80 57 3451695 255
83 61 3451786 255
83 64 3451800 255
83 68 3451818 255
83 70 3451832 255
83 80 3451856 255
84 88 3451868 255
84 95 3451880 255
84 105 3451907 255
85 113 3451919 255
86 120 3451932 255
89 128 3451958 255
90 130 3451959 255
94 133 3451971 255
100 135 3451983 255
110 137 3452009 255
114 138 3452023 255
116 138 3452035 255
123 137 3452060 255
130 135 3452072 255
137 132 3452086 255
146 121 3452111 255
148 115 3452123 255
151 109 3452149 255
153 103 3452163 255
155 97 3452174 255
157 84 3452200 255
158 81 3452214 255
159 78 3452227 255
158 75 3452251 255
158 75 3452264 255
157 74 3452277 255
157 74 3452302 255
157 75 3452314 255
157 75 3452328 255
157 79 3452354 255
158 84 3452366 255
158 92 3452390 255
159 99 3452406 255
159 103 3452417 255
159 117 3452441 255
159 121 3452443 255
159 128 3452454 255
159 135 3452469 255
157 149 3452493 255
157 153 3452494 255
156 158 3452506 255
155 163 3452518 255
154 178 3452545 255
154 184 3452557 255
154 189 3452569 255
154 194 3452583 255
154 198 3452596 255
153 203 3452609 255
153 207 3452621 255
153 212 3452633 255
152 215 3452645 255
152 217 3452660 255
152 219 3452685 255
152 220 3452697 255
152 220 3452735 255
