57
158 68 3931959 255
155 64 3931998 255
153 59 3932012 255
152 55 3932026 255
149 52 3932050 255
148 51 3932051 255
142 49 3932063 255
133 49 3932075 255
121 49 3932101 255
116 49 3932102 255
106 51 3932115 255
97 58 3932126 255
89 66 3932153 255
82 72 3932166 255
80 75 3932179 255
81 89 3932203 255
83 95 3932217 255
86 103 3932229 255
96 114 3932242 255
107 124 3932254 255
117 130 3932266 255
131 139 3932280 255
139 147 3932293 255
144 153 3932306 255
148 158 3932318 255
158 164 3932344 255
167 176 3932356 255
170 184 3932369 255
173 195 3932393 255
169 203 3932408 255
163 210 3932420 255
152 221 3932445 255
141 224 3932457 255
130 225 3932471 255
121 226 3932485 255
110 225 3932497 255
94 213 3932521 255
90 206 3932536 255
88 199 3932548 255
88 182 3932573 255
91 175 3932584 255
101 164 3932599 255
111 148 3932612 255
119 138 3932624 255
136 119 3932637 255
142 112 3932649 255
147 106 3932663 255
156 96 3932675 255
166 87 3932688 255
172 81 3932699 255
178 70 3932726 255
179 63 3932739 255
179 56 3932751 255
178 49 3932775 255
177 47 3932790 255
174 47 3932803 255
168 47 3932838 255
