26
152 101 2538100 255
146 102 2538193 255
143 103 2538204 255
133 110 2538225 255
129 116 2538236 255
116 129 2538258 255
104 145 2538264 255
96 156 2538279 255
92 166 2538290 255
88 184 2538312 255
87 188 2538323 255
87 195 2538345 255
88 200 2538355 255
95 205 2538373 255
100 204 2538388 255
104 203 2538399 255
109 200 2538410 255
129 182 2538431 255
140 171 2538442 255
151 145 2538464 255
154 136 2538481 255
154 130 2538496 255
154 120 2538518 255
153 117 2538529 255
151 112 2538550 255
150 110 2538580 255
