35
84 88 2052504 255
84 92 2052529 255
82 96 2052540 255
78 102 2052562 255
74 108 2052573 255
68 120 2052594 255
66 125 2052601 255
65 133 2052616 255
66 142 2052627 255
74 154 2052649 255
76 157 2052660 255
81 160 2052681 255
85 161 2052692 255
98 156 2052709 255
103 152 2052725 255
107 147 2052735 255
111 142 2052746 255
121 123 2052768 255
126 116 2052779 255
127 111 2052801 255
127 107 2052818 255
126 106 2052833 255
125 105 2052855 255
124 105 2052866 255
123 111 2052887 255
122 116 2052898 255
121 128 2052920 255
120 145 2052942 255
120 154 2052953 255
119 178 2052974 255
119 185 2052985 255
120 195 2053007 255
121 206 2053029 255
123 210 2053035 255
129 216 2053084 255
