31
92 157 2539693 255
93 151 2539732 255
95 148 2539738 255
101 142 2539764 255
104 138 2539775 255
108 126 2539797 255
111 117 2539819 255
112 113 2539830 255
114 103 2539847 255
114 98 2539862 255
115 91 2539884 255
115 88 2539905 255
115 88 2539916 255
115 92 2539938 255
115 97 2539955 255
114 99 2539970 255
114 110 2539992 255
114 116 2540003 255
113 131 2540025 255
111 142 2540036 255
110 155 2540057 255
109 172 2540079 255
109 177 2540090 255
108 184 2540111 255
108 187 2540122 255
109 190 2540144 255
109 191 2540155 255
109 191 2540165 255
109 192 2540172 255
107 191 2540209 255
107 190 2540242 255
