37
85 50 2087455 255
85 54 2087516 255
85 58 2087527 255
84 66 2087544 255
83 70 2087559 255
80 82 2087581 255
77 87 2087592 255
72 95 2087613 255
72 99 2087635 255
76 102 2087652 255
79 102 2087668 255
81 103 2087679 255
93 102 2087700 255
104 101 2087722 255
110 102 2087733 255
125 103 2087754 255
131 104 2087761 255
139 111 2087787 255
144 121 2087809 255
145 125 2087820 255
145 138 2087841 255
143 144 2087852 255
129 157 2087869 255
124 161 2087885 255
104 170 2087906 255
91 177 2087928 255
84 178 2087939 255
71 177 2087985 255
77 65 2088147 255
83 65 2088199 255
87 65 2088210 255
100 64 2088232 255
105 63 2088238 255
123 59 2088264 255
129 56 2088275 255
141 53 2088297 255
157 49 2088337 255
