27
320 250 1322031 255
305 250 1322073 255
287 255 1322090 255
253 259 1322106 255
223 259 1322123 255
202 260 1322139 255
195 261 1322156 255
189 263 1322172 255
186 267 1322188 255
185 271 1322205 255
184 274 1322221 255
184 275 1322238 255
186 276 1322254 255
200 279 1322271 255
224 282 1322287 255
266 300 1322303 255
295 325 1322320 255
316 355 1322336 255
321 382 1322353 255
304 406 1322369 255
294 420 1322386 255
269 427 1322402 255
249 428 1322418 255
210 411 1322435 255
181 379 1322451 255
160 354 1322468 255
151 333 1322502 255
