27
163 58 4096393 255
157 58 4096406 255
148 58 4096422 255
129 60 4096443 255
117 63 4096454 255
66 87 4096476 255
55 98 4096487 255
48 107 4096498 255
40 118 4096509 255
35 139 4096530 255
37 148 4096541 255
47 168 4096563 255
56 176 4096574 255
80 187 4096596 255
94 191 4096606 255
103 192 4096617 255
112 192 4096624 255
132 187 4096650 255
140 180 4096661 255
147 165 4096682 255
146 151 4096704 255
143 148 4096715 255
132 144 4096732 255
124 146 4096748 255
104 160 4096769 255
85 192 4096791 255
83 202 4096825 255
