32
117 114 3935869 255
117 110 3935886 255
116 106 3935897 255
111 101 3935919 255
101 104 3935936 255
97 109 3935952 255
93 113 3935963 255
72 137 3935984 255
64 147 3935995 255
61 157 3936006 255
59 168 3936017 255
59 178 3936039 255
68 193 3936045 255
81 209 3936071 255
88 212 3936082 255
97 215 3936093 255
102 217 3936104 255
120 219 3936126 255
127 218 3936136 255
141 213 3936154 255
156 199 3936169 255
164 171 3936191 255
163 156 3936202 255
156 137 3936212 255
153 130 3936223 255
133 105 3936245 255
113 98 3936262 255
102 101 3936278 255
76 113 3936289 255
65 121 3936299 255
56 141 3936310 255
44 182 3936344 255
