29
84 172 3937478 255
84 166 3937495 255
85 163 3937506 255
86 160 3937523 255
86 158 3937538 255
88 153 3937560 255
92 149 3937571 255
98 143 3937582 255
103 138 3937593 255
113 116 3937614 255
128 90 3937632 255
131 77 3937647 255
135 72 3937658 255
138 68 3937680 255
138 67 3937691 255
137 66 3937701 255
135 69 3937712 255
130 78 3937734 255
128 86 3937740 255
120 137 3937767 255
119 147 3937777 255
118 170 3937788 255
118 180 3937799 255
117 205 3937821 255
117 211 3937832 255
116 226 3937849 255
116 230 3937864 255
116 233 3937875 255
117 236 3937909 255
