42
164 73 3915221 255
161 69 3915248 255
159 67 3915258 255
154 66 3915280 255
146 65 3915291 255
130 67 3915308 255
119 68 3915324 255
110 70 3915335 255
99 71 3915345 255
80 70 3915367 255
74 71 3915378 255
65 73 3915400 255
61 79 3915417 255
59 83 3915432 255
58 89 3915454 255
58 94 3915465 255
58 105 3915487 255
57 109 3915498 255
57 115 3915519 255
57 119 3915541 255
57 120 3915552 255
61 121 3915574 255
66 122 3915585 255
75 122 3915606 255
82 122 3915617 255
98 123 3915634 255
108 126 3915650 255
118 128 3915661 255
127 132 3915672 255
140 145 3915693 255
143 149 3915704 255
146 168 3915726 255
137 192 3915743 255
127 204 3915758 255
122 209 3915769 255
108 213 3915780 255
101 215 3915791 255
81 219 3915813 255
74 219 3915824 255
56 217 3915845 255
46 213 3915852 255
32 204 3915901 255
