53
82 160 3956094 255
86 157 3956133 255
97 156 3956150 255
102 156 3956165 255
107 155 3956176 255
122 154 3956198 255
129 151 3956209 255
144 138 3956231 255
154 127 3956242 255
160 112 3956252 255
162 104 3956259 255
156 90 3956285 255
154 85 3956296 255
137 76 3956318 255
132 75 3956328 255
123 75 3956339 255
114 76 3956350 255
91 83 3956367 255
76 88 3956383 255
64 96 3956404 255
60 105 3956415 255
58 111 3956426 255
57 114 3956437 255
57 125 3956459 255
69 139 3956476 255
75 144 3956491 255
79 147 3956502 255
104 163 3956524 255
123 175 3956546 255
132 179 3956557 255
140 186 3956578 255
143 194 3956585 255
146 205 3956611 255
146 212 3956622 255
142 224 3956633 255
133 234 3956644 255
122 247 3956665 255
113 253 3956676 255
98 260 3956693 255
91 260 3956709 255
85 258 3956720 255
78 256 3956730 255
68 251 3956752 255
64 249 3956763 255
60 240 3956785 255
59 230 3956802 255
63 226 3956817 255
75 211 3956839 255
83 201 3956850 255
105 188 3956872 255
111 176 3956883 255
115 163 3956904 255
115 145 3956949 255
