27
69 99 21056896 255
75 100 21056956 255
78 99 21056968 255
90 97 21056988 255
97 95 21057000 255
107 96 21057016 255
110 97 21057032 255
112 97 21057044 255
114 99 21057054 255
115 102 21057076 255
113 104 21057088 255
103 108 21057108 255
96 114 21057126 255
94 117 21057140 255
93 120 21057164 255
97 122 21057172 255
106 127 21057196 255
109 129 21057206 255
112 131 21057216 255
114 135 21057228 255
116 147 21057248 255
116 152 21057260 255
108 160 21057282 255
103 163 21057292 255
95 166 21057314 255
88 168 21057336 255
85 168 21057370 255
