44
136 91 20598156 255
136 88 20598184 255
136 87 20598194 255
134 83 20598216 255
132 82 20598228 255
128 80 20598248 255
126 79 20598256 255
124 78 20598270 255
123 77 20598280 255
119 76 20598302 255
114 75 20598312 255
103 76 20598336 255
99 76 20598346 255
94 81 20598364 255
91 90 20598388 255
90 93 20598400 255
89 99 20598422 255
90 102 20598432 255
95 108 20598454 255
103 113 20598472 255
106 114 20598488 255
111 113 20598508 255
113 113 20598520 255
115 110 20598540 255
116 109 20598552 255
117 108 20598564 255
119 105 20598580 255
119 104 20598596 255
120 101 20598616 255
121 100 20598628 255
121 97 20598650 255
122 97 20598672 255
122 97 20598682 255
122 97 20598688 255
122 99 20598716 255
121 103 20598736 255
121 108 20598748 255
120 120 20598768 255
120 124 20598780 255
119 137 20598796 255
118 147 20598824 255
118 151 20598834 255
118 157 20598856 255
118 159 20598888 255
