29
114 104 20609668 255
109 104 20609696 255
105 105 20609704 255
98 108 20609728 255
93 118 20609744 255
90 123 20609760 255
88 128 20609772 255
85 142 20609792 255
83 153 20609814 255
83 158 20609824 255
84 172 20609846 255
85 178 20609852 255
93 185 20609880 255
103 189 20609900 255
107 188 20609912 255
112 180 20609932 255
113 176 20609944 255
116 164 20609960 255
116 158 20609976 255
117 152 20609988 255
117 147 20609998 255
117 133 20610020 255
117 127 20610032 255
117 118 20610052 255
115 112 20610070 255
113 110 20610084 255
104 108 20610108 255
101 108 20610118 255
97 109 20610162 255
