30
91 75 20619994 255
88 82 20620076 255
88 87 20620084 255
87 95 20620110 255
87 98 20620120 255
89 104 20620142 255
94 105 20620152 255
104 110 20620176 255
112 117 20620192 255
117 121 20620208 255
124 128 20620228 255
123 130 20620240 255
121 138 20620260 255
119 143 20620272 255
114 147 20620284 255
107 150 20620294 255
102 152 20620300 255
99 152 20620316 255
95 151 20620328 255
91 146 20620348 255
90 143 20620382 255
88 81 20620534 255
88 77 20620588 255
94 77 20620598 255
105 76 20620620 255
114 75 20620626 255
129 75 20620652 255
135 74 20620664 255
139 74 20620674 255
143 73 20620708 255
