34
141 72 20591514 255
136 73 20591564 255
133 73 20591576 255
128 74 20591596 255
125 76 20591604 255
120 87 20591628 255
117 91 20591640 255
112 96 20591652 255
107 102 20591662 255
96 121 20591684 255
94 126 20591696 255
95 138 20591712 255
100 148 20591728 255
105 155 20591738 255
108 158 20591748 255
113 163 20591772 255
115 164 20591780 255
121 165 20591804 255
131 164 20591820 255
134 163 20591836 255
140 158 20591856 255
141 154 20591868 255
143 147 20591890 255
142 144 20591900 255
139 141 20591912 255
131 136 20591928 255
128 134 20591944 255
123 131 20591966 255
120 130 20591976 255
108 131 20591998 255
103 131 20592008 255
96 133 20592032 255
94 134 20592036 255
91 137 20592086 255
