32
133 85 21069196 255
127 81 21069224 255
125 80 21069234 255
119 80 21069256 255
114 82 21069266 255
107 90 21069284 255
106 93 21069300 255
105 96 21069310 255
108 99 21069320 255
112 107 21069342 255
116 113 21069352 255
128 124 21069376 255
134 141 21069392 255
134 148 21069408 255
130 156 21069428 255
127 160 21069440 255
122 166 21069460 255
118 167 21069472 255
115 168 21069484 255
110 168 21069500 255
111 167 21069516 255
112 166 21069526 255
114 155 21069548 255
116 149 21069560 255
120 142 21069570 255
131 127 21069580 255
141 111 21069602 255
143 108 21069608 255
144 99 21069636 255
143 95 21069646 255
139 89 21069668 255
131 88 21069708 255
