27
87 75 21029220 255
96 73 21029282 255
101 73 21029292 255
111 72 21029310 255
119 73 21029324 255
130 74 21029348 255
134 74 21029358 255
137 75 21029368 255
137 77 21029380 255
129 83 21029400 255
124 91 21029418 255
121 94 21029432 255
119 96 21029444 255
118 97 21029456 255
117 98 21029466 255
117 99 21029488 255
118 100 21029498 255
127 102 21029520 255
132 103 21029526 255
139 113 21029552 255
139 124 21029574 255
135 131 21029584 255
119 153 21029608 255
106 158 21029618 255
94 163 21029636 255
86 163 21029650 255
79 162 21029684 255
