41
96 91 21064092 255
94 87 21064120 255
95 85 21064130 255
95 82 21064148 255
96 81 21064164 255
95 83 21064184 255
94 87 21064196 255
92 90 21064206 255
91 93 21064216 255
89 99 21064238 255
89 105 21064256 255
92 109 21064272 255
95 111 21064282 255
100 113 21064292 255
105 115 21064304 255
116 120 21064324 255
121 122 21064336 255
131 128 21064358 255
135 131 21064364 255
135 138 21064380 255
132 144 21064390 255
126 154 21064412 255
122 157 21064424 255
110 162 21064444 255
104 163 21064456 255
97 163 21064472 255
94 157 21064500 255
97 152 21064508 255
101 148 21064544 255
97 89 21064696 255
97 85 21064726 255
97 86 21064736 255
103 83 21064760 255
113 81 21064776 255
121 81 21064792 255
129 80 21064802 255
137 80 21064812 255
147 79 21064824 255
160 79 21064844 255
165 79 21064856 255
169 79 21064892 255
