36
84 81 20589334 255
84 85 20589394 255
84 88 20589404 255
83 95 20589422 255
83 97 20589438 255
84 101 20589460 255
84 102 20589470 255
86 104 20589492 255
95 107 20589514 255
104 116 20589532 255
108 121 20589546 255
110 125 20589556 255
113 138 20589580 255
113 145 20589590 255
112 150 20589600 255
106 156 20589612 255
97 164 20589632 255
94 166 20589640 255
89 169 20589666 255
83 168 20589676 255
72 166 20589698 255
64 163 20589720 255
62 161 20589732 255
61 151 20589776 255
86 88 20589972 255
86 85 20590002 255
86 84 20590012 255
87 83 20590034 255
92 82 20590044 255
104 81 20590068 255
109 80 20590072 255
123 80 20590100 255
133 79 20590120 255
135 79 20590132 255
139 80 20590154 255
138 79 20590188 255
