38
144 84 20288350 255
144 80 20288368 255
135 77 20288384 255
130 76 20288400 255
123 75 20288410 255
106 79 20288432 255
95 87 20288444 255
73 113 20288464 255
71 127 20288486 255
74 130 20288492 255
84 132 20288520 255
91 129 20288528 255
112 115 20288552 255
134 95 20288572 255
138 89 20288584 255
140 84 20288600 255
139 83 20288616 255
138 84 20288628 255
131 90 20288648 255
128 96 20288660 255
125 104 20288670 255
122 133 20288692 255
121 155 20288708 255
121 165 20288724 255
120 177 20288746 255
119 182 20288756 255
115 190 20288780 255
111 193 20288788 255
101 197 20288812 255
97 197 20288816 255
94 197 20288832 255
92 197 20288844 255
90 198 20288864 255
94 198 20288876 255
107 198 20288898 255
117 197 20288908 255
126 197 20288920 255
138 196 20288952 255
