40
125 114 20266580 255
123 110 20266608 255
122 109 20266618 255
120 107 20266640 255
120 105 20266652 255
113 100 20266672 255
100 102 20266688 255
92 105 20266704 255
74 119 20266728 255
67 130 20266736 255
68 147 20266760 255
72 152 20266770 255
76 155 20266780 255
91 154 20266798 255
103 146 20266812 255
132 119 20266836 255
144 101 20266856 255
144 99 20266868 255
145 97 20266888 255
141 102 20266906 255
137 109 20266922 255
128 140 20266944 255
126 162 20266954 255
125 183 20266976 255
125 190 20266988 255
125 196 20266998 255
123 206 20267016 255
121 211 20267030 255
119 215 20267040 255
110 221 20267064 255
105 224 20267072 255
101 226 20267084 255
97 227 20267096 255
93 228 20267116 255
94 228 20267124 255
102 226 20267148 255
108 225 20267160 255
115 224 20267172 255
124 222 20267182 255
132 218 20267216 255
