30
135 64 20461078 255
130 64 20461106 255
126 64 20461116 255
115 69 20461140 255
108 73 20461144 255
98 83 20461172 255
95 87 20461182 255
93 91 20461192 255
92 96 20461204 255
99 106 20461224 255
106 116 20461236 255
122 139 20461252 255
127 149 20461268 255
129 164 20461290 255
124 177 20461312 255
120 183 20461324 255
109 191 20461344 255
101 192 20461362 255
99 189 20461376 255
101 175 20461400 255
114 139 20461408 255
137 96 20461432 255
147 76 20461452 255
149 68 20461470 255
149 66 20461484 255
149 64 20461496 255
142 62 20461518 255
137 63 20461528 255
132 65 20461540 255
128 69 20461568 255
