26
69 164 20278512 255
73 159 20278550 255
75 155 20278560 255
81 145 20278582 255
85 138 20278588 255
93 124 20278616 255
100 110 20278636 255
101 107 20278648 255
102 106 20278668 255
102 108 20278680 255
101 121 20278696 255
101 131 20278712 255
103 166 20278734 255
104 189 20278756 255
104 195 20278766 255
103 203 20278788 255
98 208 20278804 255
94 210 20278820 255
89 212 20278842 255
87 212 20278852 255
85 212 20278876 255
85 211 20278886 255
92 210 20278908 255
106 208 20278928 255
115 207 20278940 255
124 205 20278974 255
