27
91 113 20644782 255
86 114 20644824 255
78 124 20644840 255
72 132 20644856 255
65 149 20644866 255
55 195 20644888 255
54 208 20644900 255
55 221 20644908 255
57 233 20644920 255
70 258 20644942 255
76 262 20644948 255
88 265 20644974 255
95 264 20644984 255
102 261 20644996 255
118 252 20645008 255
146 221 20645028 255
153 205 20645040 255
161 176 20645056 255
161 160 20645072 255
155 131 20645094 255
152 122 20645104 255
135 109 20645126 255
128 107 20645136 255
97 111 20645164 255
82 119 20645180 255
72 127 20645192 255
68 133 20645232 255
