33
83 164 20677338 255
83 160 20677376 255
84 156 20677386 255
92 144 20677408 255
100 134 20677414 255
124 97 20677440 255
129 90 20677452 255
133 84 20677462 255
134 81 20677472 255
136 77 20677494 255
137 77 20677504 255
133 86 20677522 255
130 96 20677538 255
123 125 20677548 255
119 155 20677560 255
117 190 20677580 255
116 201 20677592 255
115 217 20677614 255
112 227 20677632 255
110 231 20677646 255
104 236 20677668 255
100 238 20677680 255
94 239 20677700 255
91 239 20677712 255
89 239 20677722 255
88 239 20677732 255
87 239 20677740 255
90 239 20677756 255
94 238 20677766 255
108 236 20677788 255
117 235 20677798 255
126 234 20677808 255
133 232 20677838 255
