27
86 119 21011504 255
86 115 21011522 255
86 114 21011532 255
92 110 21011564 255
98 109 21011572 255
108 107 21011598 255
112 108 21011608 255
116 111 21011630 255
116 114 21011640 255
115 118 21011652 255
113 123 21011664 255
106 133 21011680 255
104 137 21011696 255
103 146 21011716 255
105 150 21011728 255
114 157 21011750 255
122 161 21011760 255
130 166 21011772 255
138 173 21011782 255
143 180 21011788 255
145 186 21011804 255
145 191 21011816 255
135 205 21011836 255
128 212 21011848 255
111 222 21011868 255
100 224 21011892 255
95 223 21011924 255
