24
139 102 92529216 255
134 99 92529256 255
131 101 92529264 255
125 110 92529288 255
121 114 92529296 255
100 140 92529320 255
90 168 92529344 255
89 177 92529352 255
90 199 92529376 255
96 207 92529384 255
113 232 92529400 255
136 241 92529424 255
139 241 92529440 255
146 240 92529464 255
148 235 92529472 255
149 231 92529480 255
149 227 92529496 255
148 219 92529512 255
141 213 92529528 255
123 200 92529552 255
110 197 92529560 255
102 195 92529568 255
95 194 92529584 255
78 200 92529624 255
