25
73 95 92419568 255
78 93 92419600 255
80 93 92419616 255
88 92 92419632 255
94 92 92419648 255
107 94 92419664 255
113 95 92419680 255
120 96 92419688 255
124 100 92419696 255
125 110 92419720 255
124 113 92419736 255
120 124 92419752 255
111 141 92419776 255
107 150 92419792 255
110 172 92419808 255
113 178 92419824 255
117 186 92419840 255
120 197 92419864 255
120 202 92419872 255
119 213 92419896 255
106 231 92419912 255
99 237 92419928 255
93 240 92419936 255
76 242 92419960 255
62 241 92419992 255
