25
46 89 92446632 255
49 85 92446648 255
51 83 92446656 255
65 77 92446680 255
71 74 92446688 255
90 72 92446712 255
98 74 92446728 255
109 81 92446744 255
117 95 92446768 255
119 106 92446776 255
119 126 92446800 255
118 151 92446824 255
116 168 92446832 255
110 196 92446856 255
99 215 92446872 255
98 224 92446888 255
97 229 92446920 255
76 135 92447032 255
79 132 92447048 255
80 130 92447064 255
83 129 92447072 255
91 127 92447080 255
99 126 92447096 255
138 116 92447120 255
166 106 92447152 255
