36
64 73 92426192 255
62 70 92426208 255
66 68 92426224 255
74 66 92426248 255
79 65 92426256 255
87 65 92426264 255
101 66 92426288 255
107 70 92426296 255
112 75 92426312 255
119 84 92426336 255
120 89 92426344 255
119 105 92426368 255
117 113 92426376 255
102 136 92426384 255
95 146 92426392 255
87 169 92426416 255
84 175 92426432 255
81 186 92426448 255
81 192 92426464 255
81 197 92426472 255
82 201 92426480 255
85 205 92426504 255
90 202 92426520 255
101 195 92426536 255
105 190 92426552 255
110 178 92426560 255
112 168 92426568 255
102 135 92426592 255
90 115 92426608 255
80 104 92426624 255
71 98 92426640 255
64 89 92426648 255
60 79 92426656 255
58 70 92426680 255
59 64 92426688 255
80 42 92426736 255
