43
172 141 3845002 255
183 133 3845038 255
191 130 3845054 255
212 127 3845071 255
230 127 3845087 255
252 133 3845104 255
276 144 3845120 255
294 158 3845137 255
309 173 3845153 255
315 189 3845169 255
311 206 3845186 255
302 219 3845202 255
287 244 3845219 255
260 267 3845235 255
235 284 3845252 255
202 309 3845268 255
184 329 3845284 255
172 346 3845301 255
164 359 3845317 255
163 372 3845334 255
163 383 3845350 255
168 391 3845367 255
175 398 3845383 255
184 407 3845399 255
197 409 3845416 255
215 408 3845432 255
229 406 3845449 255
242 398 3845465 255
249 387 3845482 255
254 373 3845498 255
258 348 3845514 255
247 315 3845531 255
238 285 3845547 255
203 246 3845564 255
183 222 3845580 255
151 191 3845597 255
142 175 3845613 255
138 163 3845629 255
138 154 3845646 255
139 148 3845662 255
147 142 3845679 255
158 135 3845695 255
160 134 3845719 255
