43
316 59 4008400 255
306 59 4008469 255
291 61 4008485 255
268 64 4008501 255
249 69 4008518 255
231 74 4008534 255
211 82 4008551 255
203 87 4008567 255
195 94 4008584 255
190 101 4008600 255
189 106 4008617 255
187 113 4008633 255
188 123 4008649 255
188 138 4008666 255
188 151 4008682 255
188 165 4008699 255
188 183 4008715 255
187 194 4008732 255
186 202 4008748 255
186 206 4008764 255
185 209 4008781 255
184 210 4008789 255
190 199 4008847 255
199 195 4008863 255
211 192 4008879 255
221 189 4008896 255
234 196 4008912 255
256 212 4008929 255
275 230 4008945 255
294 259 4008962 255
311 290 4008978 255
312 317 4008994 255
313 341 4009011 255
300 363 4009027 255
291 382 4009044 255
275 396 4009060 255
240 407 4009077 255
206 411 4009093 255
175 404 4009109 255
152 396 4009126 255
144 392 4009142 255
141 388 4009159 255
141 385 4009202 255
