37
176 193 4003869 255
180 187 4003901 255
182 182 4003918 255
185 176 4003934 255
190 168 4003951 255
204 159 4003967 255
226 151 4003984 255
242 149 4004000 255
265 152 4004016 255
277 157 4004033 255
285 164 4004049 255
290 176 4004066 255
291 193 4004082 255
288 212 4004099 255
278 247 4004115 255
257 272 4004131 255
240 309 4004148 255
223 334 4004164 255
199 361 4004181 255
185 372 4004197 255
163 385 4004214 255
147 396 4004230 255
139 400 4004246 255
135 403 4004263 255
133 407 4004279 255
133 409 4004296 255
133 410 4004312 255
141 411 4004329 255
157 408 4004345 255
176 407 4004361 255
207 407 4004378 255
237 407 4004394 255
263 407 4004411 255
277 406 4004427 255
286 405 4004444 255
290 404 4004460 255
292 403 4004511 255
