36
116 297 4025851 255
128 289 4025883 255
137 281 4025899 255
153 270 4025916 255
178 247 4025932 255
193 224 4025949 255
213 194 4025965 255
225 176 4025981 255
235 155 4025998 255
239 143 4026014 255
241 137 4026031 255
241 134 4026047 255
241 137 4026064 255
241 144 4026080 255
241 152 4026096 255
239 163 4026113 255
238 188 4026129 255
237 215 4026146 255
237 247 4026162 255
236 273 4026179 255
236 303 4026195 255
236 322 4026211 255
236 339 4026228 255
236 355 4026244 255
236 366 4026261 255
236 375 4026277 255
236 383 4026294 255
236 388 4026310 255
236 393 4026326 255
236 395 4026343 255
236 397 4026359 255
236 397 4026376 255
236 398 4026392 255
236 398 4026400 255
236 396 4026485 255
236 396 4026613 255
