44
163 173 4038024 255
166 168 4038057 255
171 164 4038073 255
177 159 4038090 255
184 151 4038106 255
191 147 4038122 255
204 144 4038139 255
218 144 4038155 255
231 151 4038172 255
237 158 4038188 255
240 165 4038205 255
241 176 4038221 255
240 192 4038237 255
234 209 4038254 255
224 224 4038270 255
207 237 4038287 255
195 244 4038303 255
182 246 4038320 255
165 245 4038336 255
152 238 4038352 255
144 229 4038369 255
141 220 4038385 255
141 207 4038402 255
151 190 4038418 255
171 175 4038435 255
183 166 4038451 255
195 160 4038467 255
211 156 4038484 255
223 155 4038500 255
230 158 4038517 255
236 163 4038533 255
240 171 4038550 255
243 187 4038566 255
243 206 4038582 255
243 227 4038599 255
243 259 4038615 255
244 298 4038632 255
244 329 4038648 255
245 354 4038665 255
245 367 4038681 255
245 372 4038697 255
244 374 4038714 255
241 374 4038730 255
241 374 4038755 255
