56
178 213 3822442 255
178 202 3822499 255
180 198 3822515 255
184 189 3822531 255
189 179 3822548 255
199 170 3822564 255
219 160 3822581 255
232 151 3822597 255
244 148 3822614 255
260 145 3822630 255
279 147 3822646 255
294 152 3822663 255
311 160 3822679 255
322 165 3822696 255
328 173 3822712 255
330 183 3822729 255
325 197 3822745 255
317 207 3822761 255
305 220 3822778 255
293 237 3822794 255
272 255 3822811 255
255 264 3822827 255
232 271 3822844 255
209 272 3822860 255
192 269 3822876 255
179 265 3822893 255
167 253 3822909 255
161 243 3822926 255
159 232 3822942 255
164 216 3822959 255
178 193 3822975 255
187 180 3822991 255
201 169 3823008 255
221 161 3823024 255
238 151 3823041 255
258 145 3823057 255
274 143 3823074 255
285 144 3823090 255
297 148 3823106 255
311 155 3823123 255
323 163 3823139 255
329 170 3823156 255
334 186 3823172 255
336 205 3823189 255
336 222 3823205 255
332 245 3823221 255
327 267 3823238 255
321 295 3823254 255
317 322 3823271 255
314 353 3823287 255
312 381 3823304 255
311 402 3823320 255
307 417 3823336 255
305 424 3823353 255
302 428 3823369 255
301 428 3823416 255
