50
309 139 3815278 255
297 137 3815335 255
278 135 3815352 255
252 135 3815368 255
229 136 3815385 255
211 136 3815401 255
199 138 3815418 255
190 141 3815434 255
184 143 3815450 255
180 147 3815467 255
178 153 3815483 255
176 159 3815501 255
176 163 3815516 255
176 169 3815533 255
180 180 3815549 255
182 193 3815565 255
185 206 3815582 255
186 220 3815598 255
187 236 3815615 255
188 255 3815631 255
188 264 3815648 255
188 269 3815664 255
188 271 3815680 255
188 272 3815690 255
188 270 3815713 255
188 264 3815730 255
189 256 3815746 255
196 250 3815763 255
208 245 3815779 255
221 243 3815795 255
241 246 3815812 255
272 254 3815828 255
298 265 3815845 255
322 276 3815861 255
340 295 3815878 255
349 313 3815894 255
353 331 3815910 255
351 349 3815927 255
344 368 3815943 255
332 388 3815960 255
305 407 3815976 255
275 418 3815993 255
238 422 3816009 255
197 415 3816025 255
160 402 3816042 255
140 392 3816058 255
121 384 3816075 255
115 378 3816091 255
114 374 3816108 255
114 373 3816135 255
