53
166 80 1770109 255
168 75 1770126 255
169 72 1770136 255
170 67 1770158 255
168 65 1770169 255
162 60 1770191 255
159 56 1770197 255
153 52 1770212 255
145 48 1770223 255
131 43 1770245 255
125 41 1770256 255
110 40 1770277 255
99 48 1770299 255
95 52 1770305 255
87 63 1770332 255
82 74 1770342 255
76 87 1770364 255
75 105 1770386 255
76 110 1770397 255
78 117 1770414 255
80 123 1770429 255
84 133 1770451 255
94 140 1770472 255
99 142 1770483 255
108 139 1770505 255
119 133 1770522 255
126 130 1770538 255
139 114 1770559 255
144 107 1770570 255
152 99 1770592 255
156 96 1770603 255
166 85 1770624 255
169 81 1770630 255
171 79 1770646 255
172 79 1770657 255
174 82 1770678 255
175 84 1770689 255
175 88 1770711 255
174 90 1770722 255
174 97 1770733 255
173 104 1770739 255
171 119 1770765 255
166 135 1770776 255
160 165 1770798 255
157 191 1770819 255
156 199 1770830 255
156 210 1770847 255
156 220 1770863 255
156 231 1770884 255
158 240 1770906 255
158 244 1770917 255
159 250 1770939 255
159 253 1770983 255
