29
64 134 1782292 255
63 131 1782309 255
63 129 1782320 255
67 126 1782342 255
70 123 1782353 255
76 111 1782374 255
82 102 1782391 255
91 90 1782407 255
108 72 1782428 255
111 68 1782439 255
118 55 1782461 255
121 52 1782472 255
126 51 1782493 255
127 53 1782500 255
128 55 1782515 255
129 57 1782526 255
131 70 1782548 255
131 77 1782559 255
129 116 1782580 255
128 159 1782602 255
127 172 1782608 255
126 204 1782634 255
125 228 1782656 255
125 239 1782678 255
125 249 1782689 255
125 262 1782710 255
126 265 1782716 255
126 270 1782743 255
126 271 1782788 255
