55
46 67 1366466 255
51 64 1366528 255
52 64 1366539 255
58 66 1366561 255
64 68 1366571 255
78 73 1366593 255
86 76 1366604 255
100 81 1366621 255
115 81 1366647 255
122 81 1366658 255
133 79 1366680 255
137 79 1366691 255
140 77 1366701 255
143 77 1366712 255
146 78 1366729 255
147 80 1366745 255
148 85 1366766 255
148 89 1366788 255
147 95 1366799 255
143 108 1366821 255
129 138 1366838 255
123 150 1366853 255
119 164 1366864 255
115 173 1366875 255
112 180 1366886 255
99 204 1366907 255
96 209 1366918 255
92 223 1366940 255
90 229 1366946 255
89 234 1366962 255
88 238 1366972 255
87 245 1366994 255
86 248 1367005 255
86 255 1367027 255
86 257 1367037 255
86 260 1367055 255
86 262 1367093 255
68 164 1367887 255
63 163 1367937 255
64 164 1367958 255
68 163 1367969 255
73 162 1367991 255
80 162 1368008 255
87 164 1368024 255
93 165 1368034 255
109 167 1368056 255
125 170 1368078 255
132 170 1368089 255
147 171 1368110 255
154 171 1368117 255
160 173 1368132 255
165 173 1368143 255
173 171 1368164 255
176 170 1368175 255
183 168 1368209 255
