41
79 91 27566536 255
84 88 27566608 255
85 87 27566620 255
92 84 27566640 255
97 83 27566652 255
106 81 27566672 255
109 80 27566680 255
112 80 27566696 255
115 79 27566706 255
125 79 27566728 255
129 79 27566738 255
136 80 27566760 255
139 81 27566772 255
141 88 27566788 255
142 95 27566814 255
141 98 27566824 255
135 107 27566846 255
132 114 27566856 255
127 124 27566880 255
123 139 27566896 255
122 147 27566912 255
120 156 27566932 255
119 162 27566944 255
119 175 27566964 255
118 180 27566976 255
118 184 27566988 255
117 191 27567004 255
117 193 27567020 255
117 195 27567030 255
117 198 27567052 255
117 200 27567064 255
117 200 27567074 255
117 201 27567084 255
117 201 27567096 255
117 201 27567140 255
105 163 27567336 255
111 163 27567388 255
113 162 27567398 255
118 161 27567416 255
125 160 27567432 255
136 159 27567476 255
