44
158 71 27564112 255
152 73 27564172 255
151 73 27564184 255
149 75 27564204 255
147 76 27564216 255
137 85 27564232 255
132 89 27564248 255
129 93 27564260 255
125 97 27564270 255
120 107 27564292 255
116 115 27564302 255
104 128 27564324 255
96 146 27564340 255
94 152 27564356 255
92 160 27564378 255
91 166 27564388 255
91 179 27564412 255
91 183 27564422 255
96 190 27564444 255
103 198 27564464 255
106 202 27564476 255
111 208 27564496 255
114 209 27564508 255
120 207 27564530 255
126 205 27564540 255
131 203 27564552 255
136 201 27564558 255
142 197 27564584 255
145 191 27564596 255
150 181 27564616 255
152 177 27564628 255
153 173 27564638 255
153 170 27564648 255
152 162 27564666 255
152 157 27564680 255
150 150 27564704 255
142 146 27564724 255
136 144 27564736 255
128 148 27564756 255
122 154 27564774 255
118 157 27564790 255
108 161 27564812 255
105 163 27564822 255
104 170 27564866 255
