43
143 66 27623796 255
134 69 27623846 255
131 69 27623856 255
124 71 27623878 255
122 71 27623888 255
110 73 27623912 255
104 74 27623922 255
100 78 27623932 255
96 83 27623940 255
91 92 27623964 255
89 96 27623976 255
88 105 27623996 255
87 111 27624008 255
91 122 27624030 255
101 134 27624048 255
109 146 27624062 255
116 157 27624084 255
131 169 27624106 255
137 180 27624116 255
142 188 27624138 255
144 196 27624156 255
141 203 27624172 255
133 214 27624192 255
129 217 27624204 255
123 220 27624224 255
120 220 27624236 255
112 213 27624256 255
106 205 27624280 255
106 199 27624290 255
110 184 27624312 255
112 177 27624322 255
118 158 27624344 255
130 147 27624356 255
137 142 27624364 255
140 138 27624372 255
146 124 27624398 255
147 120 27624408 255
149 112 27624430 255
149 105 27624440 255
148 98 27624452 255
148 93 27624464 255
139 84 27624480 255
134 81 27624518 255
