43
79 101 27610056 255
83 96 27610140 255
84 92 27610150 255
88 86 27610172 255
94 83 27610178 255
104 79 27610204 255
108 78 27610216 255
111 77 27610226 255
115 76 27610236 255
129 76 27610260 255
133 76 27610268 255
140 77 27610288 255
143 79 27610302 255
145 84 27610312 255
147 88 27610324 255
149 95 27610344 255
149 98 27610356 255
149 109 27610378 255
149 120 27610396 255
147 125 27610410 255
143 131 27610420 255
135 142 27610432 255
128 152 27610444 255
122 159 27610464 255
120 163 27610476 255
107 177 27610496 255
100 183 27610504 255
96 188 27610518 255
94 190 27610528 255
90 195 27610552 255
89 198 27610562 255
87 202 27610584 255
87 204 27610594 255
89 208 27610612 255
94 209 27610628 255
99 210 27610638 255
105 210 27610648 255
121 210 27610670 255
129 209 27610680 255
148 208 27610704 255
162 208 27610720 255
168 209 27610736 255
174 209 27610780 255
