28
144 53 399371 255
135 52 399381 255
124 60 399406 255
121 65 399412 255
113 74 399425 255
103 90 399437 255
96 103 399450 255
88 136 399474 255
85 154 399489 255
84 165 399501 255
83 191 399525 255
84 200 399538 255
87 207 399553 255
104 221 399578 255
112 217 399590 255
121 213 399603 255
139 187 399630 255
143 172 399642 255
144 154 399666 255
137 149 399681 255
129 147 399693 255
112 147 399718 255
102 148 399730 255
94 153 399744 255
82 168 399770 255
78 173 399782 255
76 177 399794 255
77 180 399850 255
