32
74 85 106474 255
80 84 106514 255
84 87 106529 255
89 93 106542 255
104 102 106566 255
109 105 106567 255
120 107 106579 255
131 104 106594 255
145 91 106618 255
149 87 106631 255
152 85 106643 255
153 86 106670 255
151 94 106682 255
149 107 106706 255
147 115 106707 255
142 129 106722 255
135 146 106734 255
124 175 106758 255
120 189 106771 255
117 199 106786 255
113 216 106810 255
112 224 106823 255
112 230 106834 255
112 235 106897 255
89 174 106991 255
98 175 107034 255
106 175 107049 255
112 176 107061 255
127 176 107085 255
135 176 107098 255
140 177 107113 255
142 177 107149 255
