32
141 53 137367 255
132 52 137377 255
122 51 137400 255
120 52 137408 255
100 61 137434 255
94 69 137445 255
89 79 137471 255
88 86 137485 255
88 97 137497 255
101 117 137522 255
108 129 137534 255
113 142 137549 255
118 170 137573 255
119 187 137585 255
118 197 137598 255
113 209 137624 255
104 212 137637 255
94 212 137661 255
86 211 137676 255
82 208 137688 255
81 201 137700 255
82 190 137714 255
83 177 137725 255
85 163 137740 255
96 151 137764 255
109 131 137778 255
118 118 137790 255
134 97 137815 255
137 91 137817 255
142 82 137828 255
145 73 137841 255
146 65 137891 255
