36
104 84 131480 255
104 94 131514 255
103 98 131522 255
95 117 131547 255
92 129 131559 255
89 141 131583 255
87 158 131599 255
86 165 131611 255
87 172 131635 255
88 172 131636 255
93 173 131649 255
102 172 131663 255
118 171 131688 255
129 172 131700 255
137 173 131713 255
147 174 131740 255
150 173 131752 255
152 168 131776 255
151 159 131791 255
149 152 131803 255
147 136 131827 255
145 125 131840 255
145 121 131855 255
144 120 131878 255
144 120 131880 255
144 127 131891 255
143 135 131904 255
141 160 131931 255
139 174 131943 255
136 189 131956 255
134 200 131968 255
131 213 131982 255
127 231 132008 255
125 235 132020 255
124 238 132032 255
124 237 132082 255
