29
89 87 370254 255
88 84 370282 255
92 83 370294 255
101 81 370310 255
112 71 370333 255
122 64 370347 255
131 66 370358 255
137 75 370385 255
131 78 370397 255
126 81 370410 255
117 94 370436 255
112 98 370437 255
102 104 370449 255
96 107 370462 255
92 109 370487 255
97 111 370501 255
104 112 370513 255
115 121 370538 255
119 131 370550 255
123 138 370564 255
124 163 370589 255
122 170 370601 255
120 174 370614 255
112 177 370629 255
102 178 370640 255
95 178 370653 255
82 177 370677 255
74 168 370693 255
70 163 370728 255
