38
135 101 403669 255
133 94 403678 255
125 86 403702 255
123 84 403710 255
116 76 403736 255
105 72 403748 255
94 69 403771 255
92 71 403773 255
87 74 403788 255
80 77 403799 255
71 81 403823 255
70 95 403836 255
75 103 403850 255
83 112 403875 255
87 113 403887 255
97 114 403901 255
108 113 403926 255
110 110 403928 255
114 100 403939 255
117 93 403951 255
119 85 403978 255
120 83 403990 255
120 82 404003 255
121 82 404027 255
121 83 404042 255
121 90 404055 255
119 111 404079 255
119 126 404091 255
118 141 404106 255
118 167 404130 255
118 179 404142 255
118 192 404155 255
118 205 404181 255
117 208 404194 255
117 213 404219 255
117 213 404233 255
118 212 404258 255
119 211 404295 255
