30
82 90 393138 255
83 86 393160 255
84 84 393173 255
86 83 393185 255
103 82 393212 255
110 81 393225 255
116 81 393236 255
124 82 393263 255
124 91 393276 255
123 101 393288 255
122 105 393300 255
118 123 393313 255
110 133 393327 255
102 139 393340 255
94 144 393364 255
92 145 393376 255
99 146 393403 255
106 148 393417 255
112 159 393428 255
120 171 393454 255
123 174 393456 255
127 187 393467 255
127 196 393480 255
121 205 393504 255
114 208 393519 255
103 210 393531 255
82 211 393556 255
71 211 393568 255
64 210 393582 255
59 201 393633 255
