31
144 83 365921 255
134 81 365932 255
123 81 365956 255
120 81 365963 255
101 89 365989 255
94 99 366001 255
87 113 366025 255
85 120 366026 255
84 132 366040 255
84 146 366053 255
85 160 366065 255
88 169 366078 255
97 181 366089 255
106 188 366105 255
114 186 366117 255
127 183 366129 255
136 180 366141 255
143 173 366154 255
150 162 366168 255
155 157 366180 255
160 147 366181 255
166 132 366194 255
166 116 366206 255
160 102 366217 255
155 93 366232 255
145 88 366244 255
132 86 366256 255
107 86 366281 255
101 86 366282 255
89 95 366296 255
82 102 366338 255
