36
249 168 1165877 255
242 176 1165964 255
236 182 1165980 255
228 190 1165997 255
217 202 1166013 255
205 216 1166029 255
194 238 1166046 255
189 253 1166062 255
184 267 1166079 255
180 286 1166095 255
180 302 1166112 255
183 312 1166128 255
189 324 1166144 255
200 338 1166161 255
218 349 1166177 255
231 356 1166194 255
248 358 1166210 255
268 355 1166227 255
280 349 1166243 255
287 344 1166259 255
290 337 1166276 255
292 331 1166292 255
292 324 1166309 255
288 318 1166325 255
275 307 1166342 255
258 297 1166358 255
248 291 1166374 255
239 285 1166391 255
226 279 1166407 255
211 278 1166424 255
203 277 1166440 255
199 276 1166457 255
195 276 1166473 255
195 275 1166489 255
195 273 1166506 255
195 269 1166542 255
