32
145 195 1187995 255
151 189 1188052 255
159 185 1188069 255
169 180 1188085 255
179 177 1188101 255
188 176 1188118 255
201 176 1188134 255
216 181 1188151 255
226 189 1188167 255
233 202 1188184 255
237 218 1188200 255
238 241 1188216 255
238 255 1188233 255
234 266 1188249 255
230 279 1188266 255
221 301 1188282 255
212 314 1188299 255
207 322 1188315 255
204 329 1188331 255
202 334 1188348 255
202 338 1188364 255
205 339 1188381 255
212 342 1188397 255
223 343 1188414 255
233 343 1188430 255
242 343 1188446 255
254 343 1188463 255
266 347 1188479 255
274 349 1188496 255
278 352 1188512 255
281 354 1188529 255
283 355 1188557 255
