35
183 191 1189452 255
187 186 1189498 255
190 184 1189514 255
197 182 1189531 255
207 181 1189547 255
218 181 1189564 255
226 185 1189580 255
232 194 1189596 255
236 202 1189613 255
237 209 1189629 255
237 217 1189646 255
232 226 1189662 255
220 240 1189679 255
208 249 1189695 255
203 253 1189712 255
199 256 1189728 255
196 257 1189744 255
195 258 1189759 255
200 259 1189794 255
208 261 1189810 255
219 264 1189827 255
227 267 1189843 255
236 277 1189859 255
243 287 1189876 255
247 301 1189892 255
248 310 1189909 255
248 322 1189925 255
245 337 1189942 255
241 351 1189958 255
237 358 1189974 255
229 365 1189991 255
216 369 1190007 255
208 370 1190024 255
203 369 1190040 255
198 364 1190074 255
