49
236 172 1171150 255
224 170 1171205 255
215 170 1171221 255
206 170 1171237 255
199 172 1171254 255
194 174 1171270 255
187 180 1171287 255
181 187 1171303 255
177 194 1171320 255
173 204 1171336 255
171 214 1171352 255
170 223 1171369 255
172 235 1171385 255
176 245 1171402 255
181 251 1171418 255
191 257 1171435 255
209 261 1171451 255
225 261 1171467 255
238 256 1171484 255
250 250 1171500 255
258 243 1171517 255
264 238 1171533 255
268 232 1171550 255
270 222 1171566 255
270 214 1171583 255
269 203 1171599 255
266 195 1171615 255
264 191 1171632 255
263 187 1171648 255
261 186 1171665 255
259 184 1171681 255
258 184 1171697 255
257 187 1171714 255
257 190 1171730 255
256 198 1171747 255
255 207 1171763 255
253 219 1171780 255
252 231 1171796 255
250 254 1171812 255
248 269 1171829 255
246 287 1171845 255
245 304 1171862 255
245 317 1171878 255
244 328 1171895 255
244 338 1171911 255
244 345 1171928 255
244 350 1171944 255
244 352 1171960 255
248 352 1171993 255
