57
233 267 1169178 255
233 262 1169233 255
232 261 1169250 255
228 258 1169266 255
224 252 1169282 255
219 246 1169299 255
212 241 1169315 255
207 235 1169332 255
206 227 1169348 255
206 219 1169365 255
210 210 1169381 255
215 196 1169397 255
223 186 1169414 255
231 179 1169430 255
236 173 1169447 255
240 168 1169463 255
246 165 1169480 255
253 165 1169496 255
260 169 1169512 255
265 172 1169529 255
271 179 1169545 255
277 191 1169562 255
281 203 1169578 255
282 213 1169595 255
282 223 1169611 255
276 233 1169627 255
271 248 1169644 255
262 259 1169660 255
252 271 1169677 255
245 281 1169693 255
235 293 1169710 255
222 304 1169726 255
208 313 1169742 255
200 320 1169759 255
194 328 1169775 255
190 338 1169792 255
188 347 1169808 255
187 356 1169825 255
187 363 1169841 255
192 368 1169857 255
200 373 1169874 255
214 377 1169890 255
228 377 1169907 255
238 375 1169923 255
255 368 1169940 255
270 360 1169956 255
281 349 1169972 255
286 339 1169989 255
287 329 1170005 255
287 322 1170022 255
281 312 1170038 255
272 302 1170055 255
260 293 1170071 255
255 287 1170087 255
250 283 1170104 255
247 279 1170120 255
246 277 1170153 255
