40
261 140 1366938 255
251 135 1367003 255
248 134 1367020 255
244 134 1367036 255
237 134 1367052 255
224 141 1367069 255
209 149 1367085 255
202 155 1367102 255
199 164 1367118 255
198 190 1367135 255
196 226 1367151 255
201 245 1367167 255
212 253 1367184 255
225 253 1367200 255
239 241 1367217 255
255 228 1367233 255
274 213 1367250 255
283 198 1367266 255
288 186 1367282 255
290 175 1367299 255
290 164 1367315 255
290 156 1367332 255
290 150 1367348 255
288 144 1367365 255
286 142 1367381 255
285 141 1367397 255
285 143 1367414 255
285 150 1367430 255
285 157 1367447 255
285 178 1367463 255
284 204 1367480 255
282 228 1367496 255
279 253 1367512 255
278 271 1367529 255
278 293 1367545 255
277 310 1367562 255
276 322 1367578 255
274 331 1367595 255
272 347 1367611 255
270 355 1367643 255
