27
191 171 1196544 255
211 174 1196595 255
224 176 1196612 255
232 180 1196628 255
241 188 1196645 255
246 199 1196661 255
250 208 1196677 255
251 223 1196694 255
247 243 1196710 255
243 257 1196727 255
238 273 1196743 255
234 292 1196760 255
231 309 1196776 255
228 320 1196792 255
227 331 1196809 255
226 338 1196825 255
226 345 1196842 255
226 350 1196858 255
226 350 1196897 255
191 286 1197032 255
200 288 1197072 255
209 288 1197088 255
222 288 1197105 255
235 291 1197121 255
245 292 1197137 255
253 290 1197154 255
264 287 1197190 255
