34
80 162 87692 255
82 157 87731 255
83 153 87737 255
84 146 87764 255
85 143 87774 255
87 138 87796 255
94 132 87818 255
99 128 87829 255
106 123 87846 255
109 124 87861 255
114 128 87883 255
115 130 87894 255
117 132 87905 255
117 139 87916 255
117 155 87937 255
112 187 87954 255
101 214 87970 255
97 220 87981 255
95 222 87992 255
93 224 88002 255
90 226 88024 255
89 227 88035 255
88 228 88057 255
89 227 88063 255
96 226 88089 255
105 224 88111 255
109 224 88122 255
122 223 88144 255
128 223 88154 255
133 223 88165 255
137 223 88172 255
143 223 88198 255
145 223 88209 255
147 223 88253 255
