30
64 112 521642 255
64 108 521666 255
68 107 521682 255
73 107 521692 255
88 106 521714 255
97 107 521725 255
109 109 521736 255
121 115 521747 255
140 128 521768 255
144 137 521775 255
147 154 521801 255
147 163 521812 255
146 175 521822 255
144 187 521833 255
130 219 521855 255
128 226 521866 255
126 243 521883 255
127 247 521898 255
129 251 521932 255
107 210 522008 255
110 207 522039 255
111 206 522050 255
115 205 522072 255
122 205 522078 255
139 204 522104 255
149 204 522115 255
158 204 522126 255
165 203 522137 255
182 201 522159 255
189 200 522194 255
