29
91 110 99143 255
89 107 99186 255
90 106 99197 255
100 105 99219 255
105 105 99230 255
117 105 99247 255
123 105 99262 255
130 107 99284 255
128 116 99306 255
125 121 99317 255
119 137 99338 255
94 180 99355 255
91 190 99371 255
90 210 99393 255
92 215 99403 255
101 221 99425 255
105 223 99436 255
117 224 99458 255
123 223 99464 255
127 218 99479 255
129 213 99490 255
126 204 99512 255
123 194 99523 255
103 174 99545 255
95 167 99555 255
68 143 99573 255
58 130 99599 255
55 121 99610 255
55 114 99643 255
