35
146 117 524300 255
147 114 524316 255
148 112 524327 255
148 108 524349 255
149 107 524359 255
149 102 524377 255
148 97 524392 255
145 92 524403 255
139 88 524414 255
123 82 524435 255
113 81 524446 255
88 85 524468 255
67 96 524485 255
64 99 524500 255
61 106 524522 255
64 111 524533 255
76 121 524555 255
99 127 524576 255
124 124 524594 255
132 122 524609 255
137 120 524620 255
144 115 524641 255
146 115 524652 255
147 116 524663 255
149 117 524674 255
149 122 524696 255
150 126 524702 255
150 140 524728 255
151 147 524739 255
152 170 524761 255
157 187 524782 255
159 194 524793 255
161 202 524810 255
162 204 524826 255
161 203 524870 255
