33
139 99 91101 255
143 103 91151 255
144 105 91162 255
144 117 91184 255
144 123 91195 255
144 141 91217 255
144 161 91234 255
143 173 91249 255
142 185 91271 255
141 194 91282 255
140 207 91326 255
129 83 91459 255
125 80 91499 255
124 82 91510 255
122 88 91531 255
121 92 91538 255
118 100 91564 255
113 106 91575 255
103 120 91597 255
96 129 91618 255
94 132 91629 255
93 140 91646 255
98 143 91662 255
106 150 91683 255
113 153 91694 255
122 155 91705 255
129 157 91716 255
148 161 91738 255
162 163 91755 255
167 164 91770 255
171 165 91781 255
177 165 91803 255
179 165 91836 255
