33
290 173 340295 255
278 168 340347 255
257 168 340363 255
232 168 340380 255
212 170 340396 255
202 171 340413 255
196 174 340429 255
191 182 340446 255
190 193 340462 255
190 208 340478 255
190 217 340495 255
188 228 340511 255
187 237 340528 255
186 241 340544 255
186 243 340561 255
186 244 340569 255
196 243 340610 255
213 242 340626 255
227 243 340643 255
237 247 340659 255
245 257 340676 255
252 268 340692 255
258 287 340708 255
256 314 340725 255
246 349 340741 255
230 379 340758 255
203 412 340774 255
193 422 340791 255
185 426 340807 255
172 425 340823 255
164 423 340840 255
161 420 340856 255
161 418 340890 255
