27
260 231 333113 255
250 225 333151 255
242 227 333167 255
214 246 333184 255
196 266 333200 255
186 290 333217 255
181 314 333233 255
180 334 333250 255
180 361 333266 255
185 380 333282 255
192 397 333299 255
210 416 333315 255
227 422 333332 255
239 423 333348 255
250 414 333365 255
261 396 333381 255
266 378 333397 255
272 355 333414 255
276 327 333430 255
280 291 333447 255
281 266 333463 255
275 250 333480 255
267 237 333496 255
255 226 333512 255
247 219 333529 255
240 214 333545 255
228 210 333583 255
