30
268 145 521817 255
244 147 521852 255
216 156 521868 255
203 162 521884 255
196 166 521901 255
192 170 521917 255
191 177 521934 255
191 199 521950 255
196 224 521967 255
199 259 521983 255
201 278 521999 255
201 290 522016 255
202 295 522032 255
205 296 522049 255
215 289 522065 255
230 281 522082 255
241 276 522098 255
252 275 522114 255
261 277 522131 255
272 288 522147 255
280 314 522164 255
267 348 522180 255
249 385 522197 255
236 415 522213 255
219 426 522229 255
200 431 522246 255
182 428 522262 255
162 422 522279 255
157 418 522295 255
156 417 522320 255
