43
195 238 2537325 255
191 233 2537375 255
188 228 2537391 255
185 223 2537407 255
179 214 2537424 255
173 193 2537440 255
173 181 2537457 255
180 168 2537473 255
187 148 2537490 255
195 135 2537506 255
216 123 2537522 255
225 120 2537539 255
232 118 2537555 255
239 118 2537572 255
247 122 2537588 255
255 130 2537605 255
261 146 2537621 255
258 159 2537637 255
248 185 2537654 255
234 213 2537670 255
203 246 2537687 255
193 262 2537703 255
183 276 2537720 255
173 293 2537736 255
173 305 2537752 255
178 314 2537769 255
185 326 2537785 255
198 341 2537802 255
222 356 2537818 255
233 362 2537835 255
243 365 2537851 255
258 366 2537867 255
270 363 2537883 255
278 352 2537900 255
280 342 2537917 255
277 332 2537933 255
262 318 2537950 255
248 300 2537966 255
238 288 2537982 255
225 278 2537999 255
209 270 2538015 255
201 264 2538032 255
197 258 2538072 255
