35
185 147 2556931 255
185 147 2556946 255
185 147 2556968 255
205 146 2556985 255
225 146 2557002 255
244 146 2557018 255
269 149 2557035 255
278 149 2557066 255
174 158 2557211 255
168 170 2557281 255
165 191 2557298 255
163 203 2557314 255
163 210 2557330 255
163 214 2557347 255
170 218 2557363 255
175 220 2557380 255
184 221 2557396 255
208 222 2557413 255
223 222 2557429 255
234 224 2557445 255
251 230 2557462 255
268 242 2557478 255
280 256 2557495 255
286 271 2557511 255
290 293 2557528 255
292 308 2557544 255
291 318 2557560 255
290 325 2557577 255
286 334 2557593 255
271 343 2557610 255
255 348 2557626 255
238 349 2557643 255
212 341 2557659 255
202 335 2557675 255
193 327 2557715 255
