29
179 141 2340454 255
179 141 2340499 255
202 143 2340532 255
222 142 2340549 255
239 140 2340565 255
257 136 2340581 255
270 133 2340598 255
277 131 2340614 255
282 131 2340631 255
285 131 2340647 255
287 133 2340664 255
288 137 2340680 255
289 144 2340696 255
290 154 2340713 255
290 163 2340729 255
286 183 2340746 255
283 206 2340762 255
281 222 2340779 255
273 250 2340795 255
269 267 2340811 255
265 278 2340828 255
259 302 2340844 255
257 312 2340861 255
256 319 2340877 255
256 323 2340894 255
256 326 2340910 255
255 328 2340926 255
255 329 2340943 255
255 329 2340978 255
