33
227 96 2555322 255
218 105 2555375 255
209 115 2555392 255
196 142 2555408 255
186 166 2555425 255
168 194 2555441 255
153 216 2555458 255
147 231 2555474 255
145 249 2555490 255
145 255 2555507 255
158 261 2555523 255
173 265 2555540 255
188 267 2555556 255
215 269 2555573 255
228 269 2555588 255
236 269 2555605 255
244 269 2555622 255
247 269 2555661 255
257 179 2555786 255
257 186 2555835 255
257 203 2555852 255
257 216 2555868 255
262 248 2555885 255
264 267 2555901 255
264 290 2555918 255
265 312 2555934 255
265 326 2555950 255
264 339 2555967 255
263 353 2555983 255
263 359 2556000 255
265 363 2556016 255
267 365 2556033 255
271 366 2556068 255
