30
303 108 2534260 255
290 108 2534319 255
264 117 2534335 255
241 135 2534352 255
215 157 2534368 255
200 171 2534385 255
187 196 2534401 255
180 215 2534417 255
177 242 2534434 255
177 271 2534450 255
187 299 2534467 255
193 312 2534483 255
204 321 2534500 255
219 327 2534516 255
227 328 2534532 255
236 327 2534549 255
245 325 2534565 255
255 317 2534582 255
266 302 2534598 255
272 292 2534615 255
273 284 2534631 255
269 276 2534647 255
260 269 2534664 255
251 260 2534680 255
243 253 2534697 255
234 249 2534713 255
217 247 2534730 255
206 247 2534746 255
198 250 2534762 255
192 256 2534815 255
