34
155 227 2360567 255
155 220 2360627 255
166 210 2360644 255
178 193 2360660 255
186 179 2360677 255
196 170 2360693 255
211 163 2360709 255
225 159 2360726 255
234 159 2360742 255
246 164 2360759 255
259 169 2360775 255
266 178 2360792 255
269 195 2360808 255
270 212 2360824 255
253 237 2360841 255
239 266 2360857 255
213 296 2360874 255
195 317 2360890 255
179 330 2360907 255
163 344 2360923 255
155 349 2360939 255
152 352 2360956 255
151 353 2360972 255
155 354 2360989 255
165 352 2361005 255
175 348 2361022 255
182 348 2361038 255
194 347 2361054 255
210 347 2361071 255
223 347 2361087 255
232 346 2361104 255
241 344 2361120 255
253 343 2361137 255
265 342 2361171 255
