42
283 110 2563281 255
268 100 2563327 255
257 97 2563343 255
247 96 2563360 255
219 103 2563376 255
200 111 2563393 255
182 121 2563409 255
165 140 2563426 255
156 157 2563442 255
155 170 2563458 255
167 196 2563475 255
178 208 2563491 255
188 215 2563508 255
217 220 2563524 255
234 219 2563541 255
262 203 2563557 255
275 192 2563573 255
281 178 2563590 255
283 167 2563606 255
283 145 2563623 255
283 129 2563639 255
284 111 2563656 255
285 97 2563672 255
287 91 2563688 255
289 88 2563704 255
290 90 2563721 255
294 104 2563738 255
299 128 2563754 255
302 158 2563771 255
304 182 2563787 255
305 204 2563803 255
306 222 2563820 255
311 247 2563836 255
314 264 2563853 255
320 289 2563869 255
323 311 2563886 255
325 325 2563902 255
326 348 2563918 255
326 357 2563935 255
326 362 2563951 255
327 366 2563968 255
327 367 2564011 255
