45
92 144 43612656 255
89 150 43612684 255
89 156 43612696 255
88 160 43612708 255
87 178 43612736 255
86 186 43612748 255
86 191 43612760 255
86 202 43612788 255
86 208 43612800 255
86 212 43612812 255
86 214 43612824 255
88 218 43612836 255
92 220 43612848 255
100 221 43612864 255
103 222 43612876 255
111 222 43612888 255
114 223 43612900 255
116 223 43612912 255
117 222 43612928 255
117 222 43612928 255
118 219 43612940 255
119 212 43612952 255
119 206 43612964 255
119 204 43612976 255
119 202 43612980 255
119 199 43612992 255
119 197 43613004 255
119 194 43613028 255
118 193 43613040 255
118 192 43613056 255
118 193 43613084 255
118 193 43613092 255
118 197 43613120 255
119 205 43613128 255
119 218 43613152 255
120 221 43613156 255
121 233 43613168 255
121 243 43613184 255
123 252 43613208 255
123 255 43613208 255
123 260 43613220 255
124 266 43613232 255
125 275 43613256 255
128 276 43613256 255
134 279 43613296 255
