30
115 148 43956268 255
115 144 43956284 255
115 145 43956296 255
114 148 43956312 255
110 155 43956336 255
103 160 43956348 255
97 167 43956360 255
90 188 43956388 255
88 199 43956400 255
87 210 43956408 255
86 224 43956440 255
86 230 43956448 255
87 239 43956472 255
89 246 43956488 255
95 248 43956504 255
105 245 43956524 255
108 242 43956528 255
112 237 43956536 255
115 232 43956552 255
119 223 43956576 255
119 217 43956592 255
119 213 43956600 255
116 213 43956632 255
111 218 43956640 255
103 221 43956652 255
94 228 43956680 255
92 233 43956680 255
89 242 43956692 255
87 248 43956704 255
87 253 43956748 255
