31
76 165 43632440 255
83 162 43632464 255
85 158 43632480 255
94 150 43632500 255
103 147 43632512 255
109 147 43632524 255
110 148 43632536 255
112 150 43632536 255
114 155 43632548 255
116 159 43632564 255
116 163 43632576 255
116 166 43632584 255
114 181 43632600 255
111 189 43632612 255
99 204 43632640 255
92 217 43632648 255
89 223 43632664 255
86 235 43632688 255
86 239 43632688 255
85 246 43632704 255
85 250 43632716 255
86 255 43632740 255
87 256 43632752 255
89 256 43632768 255
99 257 43632792 255
106 256 43632804 255
111 255 43632816 255
123 253 43632844 255
132 253 43632856 255
139 252 43632868 255
157 253 43632916 255
