29
111 129 43637912 255
103 131 43637936 255
94 134 43637948 255
88 146 43637976 255
82 158 43637988 255
75 171 43638000 255
64 191 43638024 255
63 202 43638040 255
65 212 43638052 255
76 222 43638076 255
80 226 43638088 255
84 229 43638104 255
103 233 43638128 255
109 233 43638140 255
120 230 43638168 255
127 228 43638180 255
130 225 43638192 255
129 222 43638204 255
125 216 43638216 255
121 214 43638240 255
119 215 43638244 255
114 219 43638256 255
104 222 43638268 255
93 229 43638292 255
91 234 43638296 255
86 243 43638308 255
83 249 43638320 255
80 255 43638344 255
82 256 43638380 255
