42
82 130 43634992 255
83 135 43635048 255
82 138 43635064 255
81 149 43635076 255
79 161 43635096 255
79 167 43635100 255
78 179 43635112 255
78 187 43635128 255
80 196 43635152 255
81 199 43635164 255
83 200 43635176 255
87 201 43635200 255
94 201 43635216 255
103 200 43635224 255
109 199 43635240 255
113 199 43635252 255
116 198 43635264 255
121 196 43635292 255
123 195 43635304 255
123 192 43635328 255
123 189 43635328 255
123 183 43635344 255
121 173 43635368 255
120 170 43635380 255
120 168 43635392 255
119 167 43635404 255
119 167 43635416 255
119 166 43635420 255
119 167 43635448 255
120 170 43635464 255
121 178 43635476 255
121 189 43635496 255
121 199 43635508 255
121 211 43635520 255
121 220 43635532 255
120 232 43635544 255
119 247 43635572 255
119 258 43635584 255
119 268 43635596 255
120 279 43635620 255
126 280 43635636 255
130 276 43635664 255
