31
124 138 43979568 255
119 135 43979608 255
118 135 43979624 255
116 135 43979632 255
104 137 43979656 255
95 142 43979680 255
89 151 43979692 255
88 156 43979704 255
87 161 43979728 255
89 165 43979744 255
96 168 43979756 255
110 170 43979780 255
114 168 43979796 255
118 166 43979808 255
120 156 43979832 255
121 149 43979844 255
120 145 43979856 255
120 142 43979884 255
119 144 43979896 255
119 152 43979908 255
119 164 43979936 255
118 176 43979948 255
118 185 43979960 255
118 191 43979972 255
118 202 43979984 255
118 212 43980000 255
118 222 43980008 255
119 232 43980024 255
120 239 43980036 255
124 240 43980048 255
125 238 43980080 255
