66
61 135 4579369 255
60 131 4579411 255
61 129 4579418 255
70 123 4579444 255
75 121 4579457 255
81 119 4579480 255
83 118 4579481 255
88 111 4579496 255
98 101 4579508 255
109 92 4579532 255
112 90 4579532 255
119 85 4579545 255
129 73 4579560 255
142 60 4579584 255
145 57 4579596 255
147 55 4579609 255
149 53 4579636 255
149 54 4579665 255
149 54 4579667 255
149 54 4579673 255
148 56 4579699 255
147 66 4579711 255
144 78 4579735 255
137 95 4579751 255
132 105 4579763 255
128 117 4579775 255
125 130 4579787 255
120 153 4579814 255
119 165 4579827 255
117 173 4579839 255
113 191 4579864 255
112 199 4579878 255
111 205 4579891 255
110 210 4579914 255
109 213 4579927 255
109 214 4579942 255
108 215 4579954 255
109 216 4579979 255
109 216 4579991 255
110 215 4580012 255
111 215 4580024 255
111 215 4580037 255
113 214 4580056 255
116 214 4580081 255
119 213 4580094 255
122 213 4580106 255
125 213 4580119 255
127 213 4580133 255
131 213 4580146 255
133 213 4580158 255
133 213 4580184 255
132 214 4580197 255
130 214 4580209 255
125 214 4580234 255
123 215 4580246 255
120 215 4580261 255
113 216 4580286 255
109 217 4580298 255
107 218 4580310 255
105 219 4580324 255
102 223 4580337 255
100 225 4580350 255
99 227 4580374 255
99 228 4580389 255
100 227 4580408 255
101 225 4580457 255
