62
130 84 5147341 255
128 79 5147380 255
125 70 5147396 255
123 64 5147408 255
120 59 5147432 255
119 58 5147433 255
116 56 5147445 255
111 55 5147459 255
98 54 5147484 255
93 54 5147496 255
89 54 5147509 255
81 55 5147535 255
79 55 5147536 255
72 56 5147549 255
63 64 5147573 255
58 72 5147588 255
54 77 5147600 255
47 84 5147624 255
44 88 5147637 255
41 96 5147652 255
40 109 5147676 255
41 114 5147689 255
43 117 5147701 255
48 132 5147728 255
51 138 5147740 255
56 142 5147753 255
62 144 5147766 255
69 145 5147779 255
75 145 5147792 255
85 143 5147815 255
97 133 5147829 255
104 127 5147844 255
111 123 5147856 255
122 114 5147880 255
127 106 5147893 255
132 99 5147907 255
139 90 5147932 255
140 87 5147944 255
142 85 5147957 255
142 84 5147983 255
142 85 5147996 255
142 86 5148009 255
141 87 5148021 255
138 92 5148048 255
136 100 5148060 255
131 114 5148085 255
128 126 5148100 255
126 136 5148112 255
121 157 5148136 255
120 168 5148149 255
119 175 5148164 255
116 197 5148188 255
116 204 5148201 255
115 209 5148213 255
114 222 5148240 255
114 228 5148253 255
114 232 5148265 255
114 235 5148277 255
114 236 5148291 255
113 238 5148315 255
113 238 5148327 255
113 238 5148378 255
