70
157 58 4551819 255
152 55 4551860 255
151 55 4551873 255
149 54 4551885 255
137 54 4551911 255
128 54 4551922 255
119 55 4551937 255
99 57 4551962 255
90 63 4551975 255
83 70 4551987 255
75 76 4552002 255
69 80 4552014 255
63 85 4552026 255
53 102 4552051 255
49 109 4552066 255
45 116 4552078 255
39 137 4552103 255
37 144 4552115 255
37 154 4552130 255
40 173 4552154 255
42 180 4552167 255
46 192 4552179 255
57 207 4552206 255
65 213 4552219 255
75 222 4552242 255
79 225 4552243 255
87 227 4552258 255
95 227 4552270 255
105 224 4552293 255
108 223 4552295 255
114 220 4552307 255
120 217 4552322 255
132 212 4552346 255
138 206 4552358 255
142 198 4552370 255
148 187 4552397 255
149 183 4552410 255
150 174 4552434 255
149 170 4552435 255
148 162 4552450 255
147 157 4552462 255
143 152 4552485 255
137 147 4552499 255
131 143 4552513 255
126 138 4552526 255
121 135 4552538 255
118 134 4552549 255
116 134 4552550 255
112 133 4552562 255
106 133 4552577 255
101 134 4552590 255
91 140 4552614 255
86 143 4552626 255
81 145 4552641 255
72 149 4552666 255
68 150 4552678 255
64 151 4552691 255
56 160 4552718 255
53 166 4552730 255
48 175 4552754 255
46 178 4552770 255
44 181 4552782 255
41 186 4552805 255
40 187 4552806 255
39 192 4552819 255
38 196 4552834 255
37 202 4552858 255
37 204 4552870 255
36 203 4552883 255
37 205 4552933 255
