82
157 55 4549416 255
152 54 4549489 255
148 54 4549502 255
142 54 4549514 255
124 53 4549542 255
115 53 4549554 255
105 53 4549566 255
91 52 4549591 255
86 52 4549605 255
81 53 4549617 255
78 53 4549630 255
74 53 4549642 255
70 53 4549654 255
68 53 4549668 255
65 54 4549682 255
64 55 4549694 255
64 55 4549706 255
64 56 4549718 255
65 65 4549746 255
66 70 4549758 255
69 78 4549781 255
69 80 4549783 255
72 83 4549797 255
74 85 4549809 255
75 90 4549821 255
78 107 4549846 255
79 112 4549860 255
79 115 4549873 255
79 131 4549898 255
79 138 4549910 255
79 142 4549925 255
78 147 4549948 255
77 148 4549962 255
77 149 4549973 255
77 149 4549988 255
78 149 4550007 255
79 149 4550032 255
80 148 4550051 255
82 143 4550064 255
83 137 4550077 255
85 130 4550089 255
91 124 4550114 255
94 123 4550116 255
101 121 4550128 255
115 119 4550153 255
123 118 4550165 255
131 117 4550180 255
138 117 4550192 255
147 119 4550215 255
155 121 4550229 255
159 124 4550244 255
163 130 4550256 255
164 132 4550267 255
166 135 4550269 255
168 140 4550280 255
169 144 4550293 255
169 147 4550308 255
170 150 4550331 255
170 152 4550333 255
170 157 4550345 255
169 165 4550357 255
165 173 4550383 255
161 179 4550396 255
158 182 4550408 255
155 186 4550421 255
153 189 4550435 255
147 199 4550448 255
142 204 4550460 255
131 210 4550485 255
125 212 4550500 255
119 213 4550512 255
108 214 4550537 255
103 214 4550549 255
97 213 4550564 255
87 213 4550588 255
82 212 4550601 255
78 211 4550612 255
67 205 4550640 255
60 199 4550665 255
58 197 4550677 255
56 197 4550702 255
55 197 4550739 255
