53
75 176 4223047 255
80 170 4223114 255
82 163 4223127 255
83 158 4223138 255
84 154 4223154 255
85 150 4223166 255
87 138 4223178 255
90 124 4223203 255
95 117 4223218 255
101 105 4223230 255
110 92 4223255 255
112 88 4223267 255
114 80 4223282 255
116 67 4223306 255
117 63 4223318 255
117 62 4223331 255
118 60 4223358 255
118 61 4223376 255
118 62 4223389 255
118 67 4223409 255
118 72 4223421 255
118 77 4223434 255
119 81 4223446 255
119 87 4223459 255
119 99 4223473 255
119 121 4223497 255
119 133 4223510 255
119 140 4223523 255
120 152 4223550 255
120 157 4223562 255
120 164 4223574 255
120 167 4223585 255
120 170 4223586 255
121 174 4223601 255
121 180 4223625 255
122 182 4223638 255
122 184 4223651 255
122 185 4223664 255
122 186 4223665 255
122 190 4223677 255
122 195 4223689 255
122 204 4223714 255
123 207 4223729 255
123 209 4223741 255
123 212 4223766 255
124 213 4223778 255
124 214 4223793 255
124 215 4223805 255
125 218 4223836 255
125 219 4223843 255
125 224 4223869 255
126 225 4223881 255
126 226 4223931 255
