84
112 81 4301036 255
105 84 4301058 255
100 84 4301071 255
97 86 4301084 255
92 91 4301109 255
90 100 4301121 255
90 107 4301135 255
91 114 4301160 255
93 116 4301173 255
99 118 4301185 255
110 122 4301212 255
114 123 4301224 255
118 123 4301248 255
125 122 4301264 255
133 122 4301276 255
142 120 4301300 255
145 119 4301313 255
146 118 4301327 255
148 117 4301351 255
149 116 4301352 255
149 114 4301364 255
150 111 4301377 255
150 97 4301404 255
150 93 4301416 255
150 89 4301440 255
150 88 4301441 255
149 87 4301455 255
149 86 4301468 255
147 85 4301491 255
145 85 4301492 255
138 84 4301504 255
131 83 4301520 255
124 81 4301543 255
122 81 4301544 255
119 81 4301556 255
117 81 4301569 255
107 83 4301595 255
97 87 4301608 255
95 93 4301645 255
153 88 4302302 255
151 95 4302408 255
151 98 4302409 255
151 105 4302422 255
150 113 4302447 255
150 116 4302459 255
150 119 4302474 255
150 121 4302485 255
150 124 4302485 255
149 133 4302498 255
149 139 4302510 255
149 143 4302523 255
149 147 4302550 255
149 149 4302561 255
149 151 4302587 255
149 153 4302601 255
149 157 4302614 255
149 169 4302638 255
149 173 4302651 255
149 175 4302665 255
149 179 4302690 255
149 180 4302701 255
148 180 4302714 255
148 181 4302741 255
148 182 4302753 255
148 183 4302779 255
147 183 4302792 255
147 184 4302805 255
147 184 4302829 255
146 185 4302842 255
146 185 4302862 255
145 185 4302875 255
136 186 4302899 255
133 185 4302906 255
123 184 4302932 255
120 184 4302944 255
112 184 4302968 255
108 184 4302969 255
100 184 4302984 255
94 184 4302995 255
90 184 4303019 255
89 184 4303020 255
88 184 4303033 255
87 184 4303047 255
87 184 4303095 255
