65
154 72 4921253 255
152 66 4921264 255
150 62 4921282 255
147 60 4921295 255
129 58 4921321 255
123 59 4921333 255
112 61 4921346 255
101 68 4921360 255
95 73 4921372 255
90 78 4921385 255
86 83 4921409 255
85 84 4921424 255
85 86 4921435 255
89 91 4921461 255
99 94 4921473 255
107 102 4921487 255
118 110 4921512 255
127 113 4921525 255
135 115 4921537 255
144 119 4921564 255
146 122 4921576 255
148 131 4921588 255
149 139 4921601 255
149 144 4921615 255
149 147 4921628 255
149 157 4921651 255
149 170 4921664 255
149 175 4921678 255
148 179 4921692 255
142 192 4921716 255
134 200 4921729 255
128 205 4921742 255
120 210 4921768 255
116 211 4921780 255
107 211 4921793 255
94 201 4921819 255
91 194 4921832 255
87 185 4921856 255
86 181 4921871 255
86 172 4921883 255
86 156 4921908 255
87 151 4921920 255
89 139 4921935 255
102 125 4921960 255
108 122 4921971 255
112 119 4921984 255
121 112 4922011 255
130 105 4922023 255
140 97 4922047 255
145 92 4922063 255
148 90 4922075 255
152 88 4922100 255
155 88 4922112 255
161 88 4922127 255
169 87 4922151 255
171 86 4922164 255
173 86 4922175 255
174 85 4922201 255
174 85 4922208 255
174 85 4922221 255
173 83 4922234 255
168 80 4922254 255
165 79 4922266 255
161 76 4922289 255
160 77 4922328 255
