31
122 167 846929 255
119 170 847009 255
119 173 847016 255
116 182 847042 255
115 186 847053 255
107 193 847074 255
103 197 847085 255
100 203 847096 255
96 211 847118 255
95 214 847124 255
97 219 847150 255
101 220 847161 255
105 220 847172 255
109 219 847183 255
125 213 847205 255
132 210 847215 255
151 205 847233 255
158 204 847248 255
167 203 847270 255
173 202 847314 255
155 168 847403 255
160 173 847486 255
162 178 847497 255
166 187 847519 255
168 194 847525 255
170 208 847551 255
171 214 847562 255
173 223 847573 255
174 234 847584 255
175 245 847606 255
176 248 847641 255
