29
110 178 840477 255
103 175 840505 255
99 174 840511 255
95 170 840537 255
94 168 840548 255
92 166 840570 255
91 165 840581 255
90 165 840591 255
89 165 840602 255
86 172 840619 255
84 178 840635 255
77 190 840657 255
72 203 840667 255
68 212 840678 255
66 217 840689 255
67 224 840711 255
73 227 840728 255
77 226 840743 255
81 225 840754 255
87 219 840765 255
95 212 840776 255
109 187 840797 255
112 178 840808 255
113 169 840830 255
112 166 840836 255
104 162 840862 255
97 162 840884 255
94 164 840895 255
89 177 840935 255
