29
138 176 451639 255
139 173 451666 255
138 172 451677 255
134 170 451699 255
128 170 451716 255
126 173 451732 255
123 177 451742 255
121 181 451753 255
117 185 451764 255
105 195 451786 255
98 205 451797 255
91 216 451818 255
90 220 451825 255
89 227 451851 255
95 237 451873 255
100 240 451883 255
110 244 451905 255
118 243 451916 255
131 238 451933 255
141 233 451959 255
144 231 451970 255
149 227 451992 255
150 225 452003 255
149 225 452024 255
140 226 452042 255
134 227 452057 255
124 230 452079 255
119 231 452089 255
114 231 452134 255
