31
92 130 446975 255
91 127 447046 255
95 126 447057 255
104 124 447078 255
109 123 447089 255
119 121 447111 255
124 121 447117 255
129 122 447133 255
133 123 447144 255
139 127 447165 255
140 129 447176 255
137 132 447198 255
134 135 447209 255
127 145 447226 255
124 150 447241 255
122 154 447252 255
120 157 447263 255
118 161 447285 255
118 162 447295 255
121 164 447317 255
132 166 447334 255
137 167 447350 255
144 169 447371 255
146 172 447382 255
149 181 447404 255
148 185 447415 255
137 196 447436 255
109 216 447458 255
101 219 447469 255
94 218 447491 255
92 214 447524 255
