38
75 75 18440448 255
75 69 18440470 255
76 65 18440486 255
78 61 18440496 255
88 52 18440518 255
96 49 18440528 255
108 45 18440540 255
121 43 18440552 255
143 45 18440572 255
151 48 18440580 255
162 58 18440604 255
164 63 18440616 255
164 69 18440626 255
161 77 18440636 255
143 103 18440660 255
128 117 18440670 255
104 136 18440688 255
94 145 18440702 255
87 152 18440712 255
83 159 18440724 255
76 172 18440746 255
76 176 18440756 255
79 186 18440778 255
90 197 18440796 255
101 201 18440812 255
118 203 18440832 255
126 200 18440844 255
150 187 18440864 255
162 168 18440886 255
161 154 18440904 255
157 146 18440920 255
151 138 18440930 255
132 123 18440952 255
121 116 18440962 255
109 110 18440972 255
99 104 18440984 255
87 96 18441004 255
85 92 18441040 255
