36
151 90 18466296 255
153 84 18466324 255
153 80 18466334 255
153 70 18466356 255
151 65 18466366 255
143 56 18466384 255
125 49 18466410 255
114 47 18466420 255
89 49 18466442 255
76 53 18466452 255
57 65 18466474 255
52 77 18466492 255
54 82 18466508 255
63 93 18466528 255
72 98 18466540 255
88 102 18466560 255
96 101 18466572 255
109 98 18466584 255
137 84 18466600 255
147 78 18466616 255
151 74 18466626 255
156 71 18466648 255
157 70 18466660 255
158 71 18466668 255
159 73 18466680 255
158 82 18466702 255
157 89 18466708 255
155 109 18466734 255
152 130 18466744 255
150 151 18466756 255
149 161 18466768 255
147 181 18466788 255
146 189 18466800 255
145 201 18466816 255
144 205 18466832 255
144 209 18466864 255
