27
87 72 18432960 255
89 68 18432992 255
92 65 18433004 255
101 60 18433024 255
108 59 18433036 255
124 59 18433056 255
132 62 18433064 255
142 71 18433088 255
144 87 18433112 255
141 98 18433122 255
124 120 18433144 255
114 130 18433154 255
94 146 18433172 255
76 161 18433196 255
70 167 18433208 255
64 178 18433230 255
64 182 18433240 255
72 189 18433262 255
90 196 18433280 255
107 198 18433296 255
139 198 18433316 255
154 197 18433328 255
175 195 18433348 255
183 194 18433360 255
190 193 18433372 255
195 192 18433380 255
199 192 18433416 255
