41
68 60 17870334 255
65 57 17870372 255
65 56 17870384 255
70 55 17870404 255
81 55 17870422 255
89 54 17870436 255
99 54 17870448 255
109 53 17870460 255
119 52 17870470 255
138 52 17870492 255
145 52 17870502 255
156 55 17870524 255
159 58 17870530 255
162 65 17870556 255
159 77 17870578 255
156 83 17870588 255
143 109 17870610 255
136 121 17870620 255
130 133 17870632 255
125 146 17870640 255
120 169 17870664 255
118 180 17870676 255
114 197 17870696 255
114 204 17870708 255
112 213 17870730 255
110 217 17870748 255
110 218 17870762 255
109 215 17870808 255
88 168 17870852 255
86 165 17870880 255
86 163 17870892 255
87 160 17870914 255
90 158 17870924 255
101 155 17870942 255
110 153 17870956 255
129 149 17870980 255
154 144 17871000 255
167 140 17871012 255
176 138 17871022 255
185 136 17871032 255
191 135 17871068 255
