41
73 92 17871968 255
76 86 17871996 255
78 83 17872008 255
80 74 17872030 255
83 69 17872040 255
96 60 17872062 255
107 55 17872072 255
120 51 17872084 255
131 49 17872090 255
143 49 17872116 255
148 51 17872128 255
155 56 17872148 255
156 60 17872160 255
153 70 17872180 255
135 87 17872198 255
109 107 17872214 255
85 122 17872236 255
73 130 17872246 255
54 150 17872268 255
49 159 17872280 255
47 166 17872290 255
46 172 17872300 255
47 177 17872308 255
50 182 17872322 255
57 188 17872332 255
76 199 17872356 255
88 202 17872364 255
95 202 17872376 255
104 201 17872388 255
128 194 17872408 255
137 189 17872416 255
148 177 17872440 255
150 173 17872452 255
150 168 17872464 255
149 162 17872474 255
139 145 17872496 255
129 135 17872506 255
105 116 17872524 255
84 102 17872550 255
76 98 17872560 255
68 87 17872604 255
