37
114 32 18435248 255
113 38 18435320 255
110 44 18435332 255
101 63 18435352 255
91 81 18435360 255
71 120 18435384 255
68 125 18435396 255
67 129 18435408 255
66 133 18435416 255
67 139 18435440 255
70 141 18435450 255
83 142 18435468 255
92 142 18435482 255
102 144 18435492 255
113 145 18435504 255
135 149 18435526 255
145 151 18435536 255
156 152 18435558 255
160 149 18435576 255
159 145 18435592 255
154 135 18435612 255
151 128 18435624 255
139 109 18435644 255
134 100 18435668 255
131 96 18435684 255
131 96 18435700 255
130 98 18435710 255
133 109 18435732 255
134 117 18435742 255
136 133 18435752 255
139 180 18435776 255
139 193 18435786 255
137 213 18435808 255
137 220 18435818 255
136 229 18435840 255
136 233 18435852 255
138 237 18435884 255
