27
37 98 18457794 255
35 94 18457824 255
35 91 18457828 255
42 83 18457856 255
49 78 18457866 255
73 68 18457888 255
103 62 18457908 255
112 62 18457920 255
126 67 18457936 255
132 72 18457952 255
136 87 18457974 255
131 98 18457984 255
119 117 18457996 255
101 136 18458008 255
74 160 18458028 255
57 179 18458046 255
53 185 18458060 255
51 188 18458072 255
50 191 18458082 255
51 194 18458092 255
62 197 18458116 255
72 197 18458126 255
111 193 18458148 255
145 188 18458154 255
179 183 18458180 255
200 180 18458202 255
210 177 18458240 255
