35
171 35 18461304 255
165 35 18461352 255
160 37 18461364 255
145 39 18461380 255
134 40 18461396 255
112 41 18461418 255
100 41 18461428 255
78 40 18461450 255
66 40 18461472 255
59 45 18461488 255
57 51 18461504 255
56 57 18461516 255
59 80 18461536 255
64 105 18461558 255
68 114 18461580 255
69 118 18461596 255
70 118 18461612 255
72 117 18461624 255
78 111 18461644 255
91 105 18461668 255
98 103 18461678 255
116 101 18461700 255
125 103 18461706 255
151 116 18461732 255
163 135 18461752 255
163 144 18461764 255
155 159 18461786 255
144 171 18461796 255
117 183 18461814 255
102 187 18461828 255
89 187 18461840 255
77 187 18461852 255
45 180 18461872 255
29 171 18461884 255
16 146 18461928 255
