37
146 21 55875844 255
139 21 55875908 255
130 25 55875920 255
125 31 55875936 255
119 38 55875952 255
113 43 55875964 255
100 53 55875992 255
90 68 55876008 255
84 78 55876024 255
77 93 55876036 255
71 107 55876052 255
66 128 55876080 255
66 133 55876080 255
65 139 55876096 255
67 147 55876108 255
72 154 55876128 255
76 159 55876140 255
83 165 55876168 255
89 166 55876184 255
98 162 55876200 255
104 157 55876212 255
109 152 55876224 255
113 141 55876252 255
114 130 55876268 255
114 126 55876272 255
114 120 55876284 255
113 116 55876296 255
112 113 55876312 255
109 113 55876328 255
100 112 55876356 255
94 114 55876368 255
89 117 55876392 255
87 120 55876400 255
84 128 55876416 255
81 139 55876440 255
81 142 55876456 255
82 145 55876504 255
