32
75 143 55167216 255
78 140 55167256 255
79 136 55167256 255
81 129 55167272 255
83 123 55167280 255
88 116 55167308 255
91 112 55167320 255
96 102 55167336 255
106 89 55167360 255
109 86 55167372 255
112 84 55167384 255
115 81 55167408 255
116 81 55167424 255
117 81 55167432 255
117 81 55167456 255
118 83 55167480 255
118 87 55167492 255
118 91 55167500 255
117 100 55167512 255
117 107 55167524 255
116 130 55167548 255
116 139 55167560 255
116 154 55167576 255
116 171 55167600 255
116 177 55167616 255
117 185 55167624 255
118 200 55167652 255
118 203 55167664 255
119 206 55167688 255
119 207 55167704 255
119 207 55167716 255
119 207 55167768 255
