39
113 76 55836836 255
111 80 55836912 255
106 81 55836928 255
99 83 55836940 255
94 90 55836956 255
91 100 55836972 255
87 107 55836984 255
83 114 55837000 255
76 123 55837012 255
70 132 55837028 255
66 138 55837044 255
65 141 55837056 255
66 143 55837072 255
71 144 55837088 255
76 144 55837100 255
80 144 55837116 255
84 144 55837136 255
90 145 55837152 255
100 145 55837164 255
110 145 55837188 255
116 146 55837200 255
125 146 55837216 255
134 146 55837236 255
138 146 55837244 255
146 146 55837272 255
149 146 55837288 255
150 146 55837300 255
151 146 55837316 255
152 147 55837332 255
152 146 55837416 255
131 139 55837552 255
128 144 55837592 255
127 145 55837600 255
127 153 55837616 255
126 163 55837636 255
125 170 55837652 255
124 176 55837672 255
124 179 55837696 255
125 183 55837744 255
