29
79 141 55109448 255
81 136 55109500 255
84 125 55109512 255
85 120 55109528 255
90 103 55109552 255
94 94 55109564 255
101 88 55109576 255
110 82 55109600 255
113 80 55109616 255
115 80 55109628 255
118 80 55109656 255
118 81 55109668 255
118 81 55109680 255
118 83 55109704 255
118 85 55109720 255
117 101 55109744 255
117 107 55109760 255
118 115 55109768 255
118 136 55109796 255
119 148 55109808 255
119 160 55109820 255
120 177 55109848 255
121 188 55109860 255
120 196 55109872 255
120 204 55109896 255
120 205 55109912 255
120 206 55109936 255
120 206 55109968 255
121 206 55110012 255
