40
71 62 55844728 255
76 63 55844776 255
79 62 55844792 255
83 63 55844804 255
88 65 55844820 255
97 67 55844832 255
106 69 55844848 255
116 68 55844864 255
126 72 55844880 255
134 75 55844892 255
140 77 55844904 255
144 79 55844920 255
145 80 55844936 255
144 84 55844964 255
139 94 55844976 255
132 103 55844992 255
125 119 55845008 255
119 131 55845024 255
104 161 55845048 255
99 170 55845064 255
94 180 55845080 255
92 186 55845096 255
91 191 55845116 255
90 189 55845128 255
91 190 55845192 255
85 137 55845376 255
85 141 55845392 255
87 142 55845404 255
89 143 55845420 255
100 144 55845440 255
108 144 55845456 255
115 144 55845468 255
125 144 55845484 255
133 144 55845496 255
138 144 55845512 255
142 144 55845528 255
144 144 55845540 255
146 143 55845556 255
147 144 55845568 255
150 143 55845620 255
