54
155 82 55182956 255
150 81 55183040 255
149 81 55183048 255
140 79 55183076 255
133 78 55183088 255
128 73 55183100 255
126 71 55183112 255
124 68 55183112 255
120 64 55183128 255
116 63 55183140 255
111 62 55183160 255
110 63 55183164 255
107 65 55183176 255
104 68 55183192 255
100 73 55183216 255
99 74 55183216 255
97 77 55183228 255
95 79 55183240 255
93 84 55183268 255
92 87 55183280 255
92 90 55183292 255
91 95 55183320 255
91 97 55183332 255
91 98 55183344 255
92 99 55183368 255
92 100 55183384 255
93 100 55183392 255
94 101 55183420 255
96 100 55183432 255
99 100 55183448 255
107 101 55183472 255
110 102 55183484 255
114 103 55183496 255
115 105 55183512 255
117 106 55183512 255
121 108 55183524 255
125 110 55183536 255
134 113 55183560 255
138 115 55183576 255
140 118 55183588 255
143 131 55183612 255
143 136 55183624 255
142 139 55183640 255
138 144 55183664 255
134 145 55183676 255
129 146 55183688 255
121 146 55183716 255
117 147 55183728 255
110 146 55183752 255
105 146 55183768 255
102 146 55183780 255
97 146 55183804 255
96 145 55183816 255
97 145 55183872 255
