37
63 56 55177568 255
68 53 55177640 255
74 53 55177652 255
78 53 55177672 255
81 54 55177684 255
85 60 55177708 255
91 70 55177724 255
94 75 55177736 255
98 81 55177760 255
99 85 55177776 255
100 94 55177784 255
97 107 55177812 255
95 110 55177824 255
93 113 55177840 255
86 119 55177864 255
82 125 55177876 255
76 130 55177888 255
66 137 55177916 255
63 138 55177928 255
60 139 55177940 255
59 139 55177952 255
58 140 55177964 255
58 138 55177980 255
61 134 55177992 255
74 126 55178016 255
87 125 55178048 255
91 128 55178048 255
95 131 55178056 255
108 140 55178112 255
113 158 55178156 255
109 164 55178168 255
103 168 55178184 255
91 172 55178208 255
85 174 55178224 255
79 175 55178232 255
69 176 55178260 255
67 176 55178308 255
