66
278 180 3471055 255
273 180 3471088 255
268 179 3471105 255
262 177 3471121 255
256 175 3471138 255
251 174 3471154 255
248 171 3471171 255
244 170 3471187 255
238 169 3471203 255
230 168 3471220 255
220 168 3471236 255
209 168 3471253 255
202 172 3471269 255
194 176 3471286 255
186 181 3471302 255
177 190 3471318 255
170 198 3471335 255
165 207 3471351 255
163 212 3471368 255
161 219 3471384 255
161 230 3471401 255
167 237 3471417 255
175 248 3471433 255
183 255 3471450 255
193 262 3471466 255
213 266 3471483 255
227 266 3471499 255
240 258 3471516 255
254 249 3471532 255
265 240 3471548 255
273 231 3471565 255
277 225 3471581 255
278 220 3471598 255
278 215 3471614 255
278 211 3471631 255
278 204 3471647 255
279 199 3471663 255
280 195 3471680 255
280 191 3471696 255
280 189 3471713 255
280 188 3471729 255
280 187 3471741 255
280 190 3471762 255
280 192 3471778 255
280 195 3471795 255
280 200 3471811 255
280 206 3471828 255
283 212 3471844 255
284 219 3471861 255
284 234 3471877 255
284 248 3471893 255
280 266 3471910 255
276 281 3471926 255
276 299 3471943 255
277 312 3471959 255
279 327 3471976 255
280 344 3471992 255
282 360 3472008 255
283 368 3472025 255
284 374 3472041 255
284 378 3472058 255
284 382 3472074 255
284 384 3472091 255
284 385 3472107 255
284 386 3472122 255
284 386 3472170 255
