61
276 161 3732717 255
266 155 3732785 255
259 151 3732801 255
253 148 3732818 255
248 146 3732834 255
243 145 3732851 255
237 145 3732867 255
232 145 3732883 255
225 147 3732900 255
212 154 3732916 255
203 160 3732933 255
196 164 3732949 255
191 169 3732966 255
187 178 3732982 255
184 193 3732998 255
184 206 3733015 255
186 217 3733031 255
189 226 3733048 255
193 232 3733064 255
197 235 3733081 255
202 237 3733097 255
211 236 3733113 255
222 233 3733130 255
232 229 3733146 255
240 223 3733163 255
247 215 3733179 255
255 204 3733196 255
264 191 3733212 255
269 184 3733228 255
273 178 3733245 255
276 174 3733261 255
279 169 3733278 255
281 165 3733294 255
284 159 3733311 255
287 156 3733327 255
289 153 3733343 255
289 152 3733349 255
290 154 3733376 255
290 156 3733393 255
290 159 3733409 255
290 161 3733426 255
290 165 3733442 255
291 170 3733458 255
291 176 3733475 255
292 189 3733491 255
293 209 3733508 255
293 230 3733524 255
293 251 3733541 255
294 266 3733557 255
294 280 3733574 255
295 299 3733590 255
295 311 3733606 255
295 320 3733623 255
295 328 3733639 255
295 335 3733656 255
295 340 3733672 255
295 343 3733689 255
295 345 3733705 255
295 346 3733721 255
295 347 3733738 255
295 347 3733774 255
