56
204 162 3721403 255
219 165 3721495 255
231 167 3721511 255
246 168 3721528 255
268 169 3721544 255
283 169 3721561 255
292 169 3721577 255
296 169 3721593 255
298 169 3721610 255
300 169 3721624 255
300 169 3721684 255
215 172 3721866 255
212 183 3721938 255
208 200 3721955 255
208 212 3721971 255
208 226 3721988 255
208 243 3722004 255
211 253 3722021 255
211 258 3722037 255
212 259 3722053 255
213 261 3722070 255
213 258 3722086 255
214 255 3722103 255
216 253 3722119 255
219 250 3722136 255
226 248 3722152 255
231 247 3722168 255
235 247 3722185 255
239 249 3722201 255
243 251 3722218 255
247 257 3722234 255
254 262 3722251 255
264 266 3722267 255
272 270 3722284 255
277 274 3722300 255
281 279 3722316 255
285 289 3722333 255
287 302 3722349 255
288 317 3722366 255
288 329 3722382 255
286 345 3722399 255
283 357 3722415 255
278 368 3722431 255
270 375 3722448 255
259 383 3722464 255
250 392 3722481 255
240 398 3722497 255
228 401 3722514 255
206 399 3722530 255
187 393 3722546 255
166 387 3722563 255
154 381 3722579 255
147 376 3722596 255
145 373 3722612 255
145 372 3722629 255
145 372 3722653 255
