62
270 192 3414380 255
260 192 3414432 255
255 192 3414449 255
248 196 3414465 255
242 201 3414482 255
236 209 3414498 255
227 214 3414515 255
213 225 3414531 255
201 237 3414547 255
193 252 3414564 255
187 263 3414580 255
182 275 3414597 255
175 290 3414613 255
171 304 3414630 255
172 317 3414646 255
176 333 3414662 255
179 345 3414679 255
183 360 3414695 255
188 370 3414712 255
193 379 3414728 255
201 385 3414745 255
211 389 3414761 255
223 392 3414777 255
230 393 3414794 255
235 393 3414810 255
239 391 3414827 255
243 387 3414843 255
248 383 3414860 255
252 379 3414876 255
257 375 3414892 255
262 363 3414909 255
266 356 3414925 255
269 351 3414942 255
272 346 3414958 255
273 340 3414975 255
275 335 3414991 255
275 331 3415007 255
275 327 3415024 255
270 324 3415040 255
267 322 3415057 255
263 320 3415073 255
259 318 3415090 255
254 315 3415106 255
250 314 3415122 255
246 313 3415139 255
244 313 3415155 255
241 313 3415172 255
239 313 3415188 255
236 313 3415205 255
231 313 3415221 255
226 313 3415237 255
221 316 3415254 255
215 317 3415270 255
211 319 3415287 255
207 319 3415303 255
204 320 3415320 255
201 321 3415336 255
199 322 3415352 255
197 323 3415369 255
195 324 3415385 255
195 325 3415402 255
195 325 3415436 255
