40
82 94 25245260 255
89 90 25245288 255
105 89 25245300 255
124 88 25245320 255
135 88 25245334 255
143 88 25245344 255
147 88 25245358 255
149 88 25245370 255
149 88 25245384 255
132 89 25245408 255
123 89 25245420 255
110 89 25245436 255
96 88 25245460 255
94 88 25245460 255
90 88 25245474 255
88 88 25245484 255
86 94 25245512 255
86 103 25245524 255
87 109 25245536 255
88 127 25245562 255
88 138 25245576 255
89 150 25245588 255
88 171 25245612 255
88 175 25245626 255
89 178 25245640 255
95 179 25245664 255
104 173 25245676 255
110 165 25245690 255
135 163 25245716 255
143 170 25245728 255
151 175 25245740 255
158 179 25245754 255
159 192 25245768 255
155 201 25245780 255
151 207 25245792 255
134 215 25245816 255
109 216 25245832 255
90 214 25245844 255
74 213 25245856 255
51 202 25245912 255
