35
154 74 24892732 255
147 74 24892768 255
140 74 24892780 255
127 78 24892800 255
107 89 24892818 255
92 97 24892832 255
76 107 24892844 255
64 122 24892856 255
60 128 24892866 255
57 141 24892888 255
56 148 24892898 255
57 163 24892920 255
61 177 24892926 255
78 197 24892952 255
96 216 24892974 255
104 219 24892984 255
108 220 24892996 255
113 220 24893008 255
128 213 24893028 255
135 208 24893036 255
143 201 24893060 255
147 194 24893072 255
149 187 24893082 255
149 182 24893092 255
149 173 24893116 255
144 168 24893126 255
128 152 24893144 255
115 148 24893158 255
107 146 24893168 255
100 148 24893180 255
75 157 24893202 255
69 160 24893212 255
61 170 24893234 255
59 182 24893252 255
59 187 24893288 255
