28
145 111 24909110 255
145 108 24909138 255
144 107 24909144 255
136 106 24909170 255
132 105 24909180 255
128 105 24909192 255
122 105 24909204 255
106 110 24909224 255
97 116 24909236 255
64 141 24909252 255
57 156 24909268 255
55 161 24909280 255
54 172 24909288 255
54 189 24909312 255
54 205 24909322 255
64 220 24909344 255
74 225 24909360 255
83 225 24909376 255
98 221 24909398 255
112 211 24909408 255
145 175 24909430 255
148 166 24909440 255
151 152 24909452 255
151 133 24909468 255
150 123 24909484 255
148 117 24909496 255
130 111 24909516 255
117 110 24909550 255
