28
96 76 25225012 255
105 71 25225020 255
112 68 25225032 255
133 74 25225060 255
140 78 25225072 255
146 86 25225096 255
147 92 25225096 255
146 104 25225112 255
141 116 25225124 255
124 138 25225148 255
114 144 25225160 255
104 147 25225176 255
95 148 25225200 255
96 148 25225212 255
102 148 25225224 255
124 150 25225252 255
136 154 25225264 255
145 164 25225276 255
158 185 25225304 255
159 197 25225316 255
155 206 25225328 255
138 226 25225352 255
121 231 25225368 255
103 227 25225380 255
69 212 25225404 255
57 201 25225416 255
49 192 25225432 255
49 189 25225472 255
