41
61 101 24887230 255
59 96 24887258 255
59 92 24887268 255
65 85 24887290 255
70 82 24887300 255
79 77 24887324 255
94 74 24887340 255
101 73 24887356 255
117 73 24887376 255
125 73 24887388 255
136 78 24887410 255
139 83 24887420 255
142 88 24887432 255
144 92 24887442 255
144 96 24887448 255
142 102 24887464 255
135 111 24887474 255
123 125 24887496 255
116 128 24887508 255
105 132 24887528 255
98 134 24887550 255
95 135 24887556 255
93 135 24887584 255
94 135 24887594 255
99 135 24887604 255
104 135 24887616 255
116 136 24887636 255
124 136 24887648 255
136 140 24887664 255
141 145 24887680 255
154 155 24887702 255
164 178 24887724 255
163 186 24887734 255
154 216 24887756 255
143 227 24887772 255
134 232 24887788 255
119 235 24887810 255
110 234 24887820 255
92 232 24887844 255
80 231 24887852 255
66 220 24887900 255
