33
116 105 24881668 255
109 105 24881692 255
105 105 24881704 255
95 106 24881726 255
89 107 24881736 255
75 117 24881754 255
69 122 24881768 255
61 130 24881780 255
52 145 24881792 255
40 160 24881812 255
39 172 24881824 255
43 186 24881844 255
49 203 24881862 255
54 211 24881876 255
70 220 24881900 255
75 222 24881910 255
91 222 24881932 255
98 219 24881942 255
105 213 24881952 255
124 201 24881970 255
137 181 24881986 255
141 175 24881996 255
145 157 24882018 255
145 150 24882028 255
145 145 24882040 255
143 132 24882050 255
131 115 24882072 255
128 112 24882078 255
118 109 24882104 255
110 109 24882116 255
97 115 24882126 255
76 125 24882136 255
40 161 24882176 255
