60
86 177 142251 255
88 173 142354 255
90 164 142369 255
92 157 142382 255
98 151 142406 255
101 150 142407 255
105 147 142419 255
109 146 142433 255
114 138 142459 255
115 132 142471 255
117 126 142483 255
119 118 142510 255
119 117 142522 255
120 114 142546 255
121 113 142561 255
121 113 142573 255
122 111 142598 255
122 110 142610 255
122 110 142626 255
123 107 142637 255
123 107 142650 255
123 105 142668 255
123 106 142675 255
123 107 142689 255
123 108 142720 255
123 106 142738 255
123 108 142753 255
123 109 142765 255
123 110 142789 255
123 111 142801 255
123 112 142816 255
123 113 142829 255
123 114 142842 255
123 115 142854 255
122 116 142866 255
122 122 142880 255
122 130 142893 255
122 141 142917 255
122 145 142930 255
121 153 142944 255
122 169 142968 255
122 173 142981 255
122 177 142993 255
123 184 143008 255
124 200 143032 255
125 204 143044 255
125 207 143057 255
128 221 143084 255
130 229 143096 255
132 234 143108 255
136 240 143136 255
137 242 143148 255
139 245 143160 255
141 249 143185 255
142 253 143199 255
142 255 143211 255
143 256 143237 255
143 256 143248 255
143 253 143263 255
142 247 143313 255
