87
91 142 147824 255
91 138 147854 255
92 135 147867 255
93 131 147879 255
94 124 147903 255
96 121 147916 255
100 119 147930 255
106 117 147955 255
109 116 147967 255
112 115 147980 255
116 115 148006 255
118 115 148019 255
120 115 148031 255
122 116 148044 255
125 117 148059 255
130 119 148070 255
135 122 148083 255
141 130 148107 255
143 135 148122 255
144 139 148134 255
146 143 148160 255
147 145 148171 255
147 146 148187 255
148 147 148199 255
148 153 148222 255
148 157 148224 255
148 165 148236 255
148 170 148249 255
148 175 148274 255
147 177 148287 255
146 178 148300 255
144 181 148326 255
142 182 148338 255
138 184 148350 255
129 188 148377 255
126 190 148390 255
123 191 148403 255
119 191 148427 255
117 190 148442 255
115 190 148454 255
113 190 148479 255
113 191 148491 255
112 191 148505 255
112 192 148518 255
113 190 148549 255
113 190 148568 255
114 189 148570 255
115 189 148581 255
118 188 148594 255
125 188 148619 255
131 188 148634 255
136 188 148646 255
144 190 148671 255
147 193 148682 255
151 196 148697 255
155 202 148722 255
157 204 148734 255
158 206 148747 255
159 209 148774 255
160 210 148786 255
160 213 148811 255
160 215 148825 255
159 217 148838 255
157 226 148862 255
156 230 148874 255
155 233 148890 255
152 237 148914 255
149 238 148927 255
147 239 148939 255
141 241 148966 255
138 241 148978 255
132 242 149001 255
130 243 149002 255
127 243 149018 255
124 244 149030 255
119 245 149053 255
114 245 149067 255
110 245 149082 255
103 245 149105 255
100 245 149106 255
97 244 149118 255
94 244 149131 255
90 243 149157 255
89 243 149158 255
86 241 149183 255
85 241 149195 255
85 240 149239 255
