100
136 144 166842 255
130 144 166927 255
128 144 166939 255
126 145 166952 255
123 145 166978 255
122 146 166991 255
121 146 167003 255
119 147 167030 255
118 148 167042 255
116 149 167055 255
115 149 167067 255
112 150 167079 255
107 151 167094 255
101 153 167107 255
94 156 167131 255
91 155 167144 255
88 156 167158 255
84 155 167183 255
81 154 167196 255
79 153 167208 255
78 152 167221 255
74 151 167235 255
72 149 167247 255
69 147 167272 255
68 145 167287 255
68 142 167299 255
71 130 167324 255
73 125 167336 255
75 120 167351 255
77 117 167363 255
78 115 167375 255
79 113 167388 255
80 112 167400 255
81 111 167413 255
82 111 167415 255
83 109 167427 255
86 107 167450 255
87 106 167452 255
89 105 167464 255
91 103 167479 255
93 102 167491 255
97 100 167516 255
99 102 167528 255
101 103 167543 255
106 105 167567 255
108 107 167580 255
109 109 167592 255
112 110 167618 255
115 112 167631 255
116 113 167644 255
118 114 167656 255
121 115 167683 255
123 116 167695 255
124 119 167719 255
125 120 167720 255
126 121 167733 255
128 125 167747 255
130 128 167759 255
133 133 167784 255
135 137 167799 255
136 139 167811 255
137 141 167834 255
139 144 167848 255
139 145 167863 255
140 147 167875 255
140 149 167900 255
140 152 167912 255
141 157 167938 255
141 163 167951 255
141 168 167964 255
141 172 167989 255
141 173 167991 255
141 177 168026 255
141 178 168028 255
141 180 168040 255
139 185 168067 255
138 188 168079 255
138 191 168092 255
136 198 168117 255
134 203 168131 255
133 205 168143 255
129 207 168168 255
128 209 168183 255
126 210 168195 255
125 212 168207 255
122 215 168231 255
119 217 168246 255
118 220 168259 255
114 223 168283 255
113 225 168296 255
111 226 168311 255
108 227 168334 255
104 229 168348 255
102 230 168360 255
100 231 168375 255
97 232 168399 255
96 232 168412 255
96 230 168424 255
95 222 168451 255
94 220 168488 255
