48
91 113 763525 255
97 112 763546 255
99 111 763547 255
104 110 763559 255
110 109 763579 255
115 110 763592 255
119 110 763605 255
126 113 763629 255
129 114 763644 255
132 116 763656 255
135 122 763681 255
135 126 763693 255
134 132 763708 255
131 140 763732 255
128 143 763745 255
125 145 763757 255
123 146 763771 255
117 150 763784 255
114 151 763796 255
109 155 763823 255
108 155 763836 255
108 155 763847 255
108 155 763873 255
109 154 763885 255
112 153 763900 255
119 153 763925 255
125 155 763937 255
132 156 763949 255
145 166 763976 255
151 170 763989 255
161 175 764013 255
164 178 764028 255
167 181 764041 255
169 192 764065 255
167 197 764078 255
164 202 764092 255
158 208 764117 255
154 210 764129 255
149 212 764142 255
134 216 764169 255
127 218 764182 255
114 221 764206 255
107 222 764221 255
102 222 764233 255
98 221 764245 255
95 220 764258 255
94 218 764270 255
92 215 764326 255
