62
81 144 186802 255
84 141 186850 255
87 134 186866 255
90 129 186878 255
97 124 186901 255
100 122 186903 255
105 120 186915 255
111 118 186930 255
119 116 186954 255
122 117 186966 255
125 117 186979 255
133 120 187006 255
136 124 187018 255
141 132 187042 255
142 135 187043 255
144 139 187058 255
147 143 187070 255
150 148 187093 255
151 150 187095 255
152 157 187107 255
152 167 187132 255
151 173 187146 255
150 176 187158 255
149 179 187170 255
144 188 187198 255
140 194 187210 255
136 199 187223 255
127 205 187250 255
123 207 187262 255
119 209 187274 255
108 212 187299 255
102 214 187314 255
98 215 187326 255
92 217 187349 255
88 218 187362 255
86 220 187377 255
85 221 187390 255
84 221 187402 255
84 221 187421 255
85 220 187441 255
87 220 187465 255
88 219 187478 255
89 219 187490 255
94 219 187517 255
97 219 187529 255
101 219 187542 255
106 219 187554 255
118 221 187581 255
124 221 187594 255
131 222 187605 255
144 227 187633 255
151 229 187645 255
157 231 187657 255
168 233 187682 255
172 234 187697 255
175 235 187709 255
178 235 187732 255
179 235 187746 255
180 234 187760 255
181 234 187772 255
182 233 187797 255
183 230 187847 255
