30
332 244 3935747 255
307 234 3935775 255
296 229 3935791 255
287 228 3935808 255
276 227 3935824 255
266 227 3935841 255
254 230 3935857 255
245 234 3935873 255
232 243 3935890 255
219 259 3935906 255
211 276 3935923 255
201 300 3935939 255
197 321 3935956 255
196 337 3935972 255
196 346 3935988 255
198 350 3936005 255
216 348 3936021 255
238 338 3936038 255
267 332 3936054 255
281 330 3936071 255
289 330 3936087 255
294 334 3936103 255
295 345 3936120 255
293 359 3936136 255
284 374 3936153 255
263 386 3936169 255
248 394 3936186 255
227 401 3936202 255
196 406 3936218 255
157 416 3936250 255
