37
87 88 23019158 255
87 85 23019174 255
87 83 23019184 255
89 80 23019206 255
98 78 23019228 255
102 77 23019240 255
106 77 23019250 255
109 77 23019260 255
113 78 23019268 255
116 82 23019282 255
122 86 23019292 255
131 94 23019316 255
133 97 23019326 255
133 100 23019336 255
131 105 23019348 255
126 116 23019368 255
124 120 23019376 255
119 126 23019400 255
116 128 23019412 255
114 130 23019424 255
112 131 23019434 255
110 132 23019456 255
111 133 23019466 255
114 133 23019484 255
115 134 23019500 255
119 134 23019520 255
127 137 23019542 255
131 141 23019552 255
137 151 23019576 255
136 163 23019592 255
131 172 23019608 255
124 186 23019628 255
120 189 23019640 255
107 193 23019660 255
102 195 23019672 255
97 195 23019684 255
89 195 23019718 255
