44
152 107 22527184 255
144 106 22527286 255
138 106 22527302 255
133 106 22527312 255
124 108 22527336 255
116 109 22527344 255
109 111 22527356 255
104 115 22527368 255
95 123 22527388 255
91 126 22527396 255
82 131 22527420 255
79 134 22527432 255
77 138 22527444 255
75 145 22527454 255
74 154 22527476 255
74 158 22527486 255
77 168 22527504 255
79 174 22527520 255
80 180 22527530 255
82 184 22527540 255
84 190 22527562 255
88 193 22527572 255
97 198 22527596 255
106 201 22527612 255
110 203 22527628 255
119 203 22527648 255
124 202 22527660 255
134 200 22527680 255
137 199 22527692 255
140 198 22527704 255
143 196 22527720 255
142 192 22527736 255
140 188 22527746 255
132 180 22527768 255
125 174 22527790 255
122 172 22527800 255
109 170 22527822 255
104 170 22527828 255
95 170 22527856 255
89 170 22527866 255
84 171 22527876 255
77 173 22527888 255
68 179 22527908 255
64 183 22527944 255
