38
85 98 22519530 255
93 98 22519672 255
98 99 22519684 255
106 100 22519706 255
111 101 22519724 255
114 103 22519738 255
117 105 22519748 255
119 108 22519760 255
122 114 22519772 255
123 123 22519792 255
123 127 22519804 255
121 137 22519824 255
119 141 22519832 255
117 150 22519858 255
114 154 22519880 255
114 155 22519890 255
113 156 22519912 255
113 156 22519932 255
113 155 22519940 255
115 152 22519966 255
115 151 22519976 255
117 153 22519998 255
118 155 22520008 255
119 157 22520020 255
122 159 22520032 255
132 163 22520048 255
135 166 22520064 255
141 176 22520084 255
142 180 22520096 255
144 185 22520108 255
144 188 22520118 255
137 194 22520140 255
129 200 22520156 255
124 204 22520172 255
116 207 22520184 255
109 210 22520192 255
104 213 22520204 255
95 215 22520248 255
