27
74 84 23054608 255
81 81 23054636 255
86 80 23054648 255
99 79 23054668 255
104 78 23054680 255
117 77 23054702 255
124 76 23054712 255
129 76 23054724 255
136 76 23054744 255
138 76 23054756 255
137 83 23054778 255
134 88 23054788 255
129 99 23054810 255
126 109 23054820 255
124 118 23054832 255
122 132 23054838 255
120 154 23054864 255
119 159 23054876 255
119 174 23054896 255
119 179 23054908 255
119 182 23054918 255
119 185 23054954 255
147 143 23055036 255
140 140 23055092 255
134 140 23055104 255
124 142 23055124 255
108 146 23055168 255
