33
72 83 22583752 255
78 80 22583792 255
79 79 22583802 255
82 77 22583824 255
84 77 22583836 255
92 76 22583856 255
98 76 22583862 255
107 76 22583888 255
114 83 22583910 255
117 87 22583920 255
119 95 22583944 255
119 98 22583954 255
118 104 22583972 255
112 113 22583996 255
108 118 22584008 255
100 123 22584030 255
98 125 22584040 255
96 128 22584062 255
103 129 22584080 255
107 130 22584096 255
114 132 22584116 255
121 133 22584128 255
133 138 22584148 255
136 143 22584160 255
139 148 22584170 255
142 157 22584188 255
137 161 22584204 255
133 167 22584214 255
123 179 22584236 255
104 186 22584256 255
99 187 22584268 255
89 188 22584290 255
82 189 22584324 255
