30
147 99 23027274 255
142 102 23027322 255
136 102 23027332 255
127 103 23027350 255
119 104 23027364 255
105 107 23027388 255
100 111 23027398 255
96 116 23027408 255
93 121 23027420 255
89 130 23027440 255
87 143 23027460 255
87 149 23027474 255
87 154 23027484 255
89 157 23027496 255
94 161 23027506 255
104 165 23027528 255
108 167 23027540 255
118 168 23027560 255
124 167 23027568 255
132 166 23027592 255
132 161 23027616 255
129 158 23027624 255
123 152 23027648 255
116 150 23027658 255
109 150 23027668 255
103 152 23027676 255
92 157 23027700 255
85 159 23027712 255
79 161 23027724 255
73 163 23027756 255
