33
65 69 23028572 255
71 70 23028608 255
74 70 23028622 255
77 71 23028632 255
82 71 23028656 255
85 71 23028666 255
91 72 23028676 255
97 72 23028688 255
106 72 23028708 255
114 71 23028732 255
124 71 23028752 255
128 71 23028764 255
133 72 23028784 255
134 73 23028796 255
131 78 23028816 255
129 83 23028824 255
127 89 23028840 255
125 94 23028850 255
123 110 23028872 255
121 118 23028882 255
119 138 23028904 255
119 146 23028916 255
119 150 23028926 255
119 154 23028932 255
118 159 23028958 255
118 161 23028968 255
118 163 23029012 255
144 111 23029146 255
136 110 23029186 255
132 111 23029196 255
119 114 23029218 255
104 117 23029236 255
95 118 23029272 255
