29
196 208 41976912 255
184 219 41976960 255
168 241 41976976 255
151 267 41976992 255
141 301 41977012 255
136 325 41977028 255
134 352 41977044 255
134 368 41977060 255
141 391 41977076 255
153 415 41977092 255
168 426 41977108 255
183 434 41977128 255
206 439 41977144 255
226 440 41977160 255
253 436 41977176 255
282 424 41977192 255
313 397 41977208 255
332 378 41977224 255
341 347 41977240 255
343 318 41977256 255
340 289 41977272 255
332 262 41977288 255
312 237 41977304 255
293 224 41977324 255
256 211 41977340 255
210 216 41977356 255
161 229 41977372 255
102 276 41977388 255
79 319 41977424 255
