38
275 172 41641552 255
275 172 41641576 255
275 172 41641592 255
260 167 41641608 255
247 166 41641624 255
218 170 41641644 255
190 177 41641660 255
164 187 41641676 255
142 208 41641692 255
131 223 41641708 255
123 239 41641724 255
121 257 41641740 255
126 265 41641760 255
134 272 41641776 255
150 276 41641792 255
170 277 41641808 255
203 266 41641824 255
231 242 41641840 255
251 216 41641856 255
271 190 41641872 255
281 171 41641888 255
285 154 41641904 255
287 142 41641920 255
287 140 41641936 255
283 144 41641972 255
280 152 41641988 255
278 160 41642004 255
271 190 41642020 255
262 240 41642036 255
255 286 41642056 255
249 325 41642072 255
245 365 41642088 255
243 393 41642104 255
242 415 41642120 255
242 425 41642136 255
242 432 41642152 255
246 438 41642168 255
247 439 41642200 255
