40
153 163 41630304 255
168 155 41630340 255
180 145 41630356 255
201 137 41630372 255
223 132 41630388 255
240 135 41630404 255
258 142 41630424 255
273 156 41630440 255
280 165 41630456 255
283 176 41630472 255
283 198 41630488 255
271 214 41630504 255
254 232 41630520 255
232 262 41630536 255
205 285 41630552 255
173 313 41630568 255
154 321 41630584 255
140 324 41630600 255
133 326 41630620 255
132 326 41630636 255
144 321 41630668 255
170 314 41630684 255
207 308 41630700 255
239 311 41630716 255
272 321 41630736 255
291 327 41630752 255
317 345 41630768 255
326 362 41630784 255
323 378 41630800 255
310 406 41630816 255
290 442 41630832 255
264 468 41630848 255
235 485 41630864 255
204 503 41630880 255
174 515 41630896 255
151 518 41630916 255
135 513 41630932 255
120 497 41630948 255
106 472 41630964 255
102 449 41630992 255
