38
185 118 41661036 255
185 137 41661076 255
175 177 41661096 255
146 236 41661112 255
129 276 41661128 255
109 307 41661144 255
100 320 41661160 255
98 331 41661176 255
105 338 41661192 255
121 345 41661208 255
153 352 41661224 255
192 354 41661240 255
224 352 41661256 255
249 349 41661276 255
268 349 41661292 255
281 346 41661308 255
288 343 41661324 255
292 339 41661340 255
294 334 41661356 255
294 325 41661372 255
294 307 41661392 255
291 290 41661408 255
290 279 41661424 255
288 270 41661440 255
286 266 41661456 255
285 264 41661472 255
285 264 41661488 255
284 272 41661504 255
282 293 41661520 255
277 335 41661536 255
270 384 41661552 255
261 449 41661568 255
254 497 41661588 255
250 526 41661604 255
249 539 41661620 255
248 546 41661636 255
248 550 41661652 255
254 535 41661704 255
