24
159 123 41966528 255
186 121 41966576 255
220 117 41966592 255
255 113 41966608 255
276 110 41966624 255
287 110 41966640 255
293 110 41966660 255
297 115 41966676 255
298 122 41966692 255
291 154 41966708 255
276 199 41966724 255
245 261 41966740 255
226 320 41966760 255
205 374 41966776 255
196 413 41966792 255
194 456 41966808 255
198 485 41966824 255
212 521 41966840 255
225 533 41966876 255
154 297 41967128 255
175 296 41967168 255
212 290 41967184 255
266 284 41967200 255
292 281 41967228 255
