36
86 66 26559932 255
86 62 26559976 255
88 61 26559988 255
100 58 26560008 255
108 57 26560020 255
125 58 26560036 255
131 59 26560052 255
136 60 26560064 255
139 61 26560074 255
143 65 26560096 255
141 69 26560108 255
131 79 26560128 255
120 86 26560146 255
110 90 26560160 255
102 96 26560184 255
101 99 26560194 255
102 104 26560204 255
105 109 26560216 255
109 113 26560226 255
112 116 26560236 255
119 119 26560248 255
128 125 26560256 255
137 137 26560270 255
144 144 26560280 255
148 151 26560302 255
149 156 26560312 255
149 162 26560324 255
149 166 26560336 255
142 174 26560356 255
136 177 26560364 255
119 180 26560388 255
110 181 26560400 255
78 175 26560420 255
64 163 26560444 255
62 153 26560454 255
64 142 26560488 255
