28
137 71 26129306 255
138 67 26129328 255
137 65 26129344 255
136 64 26129356 255
133 64 26129376 255
130 64 26129388 255
123 74 26129410 255
107 84 26129432 255
83 111 26129452 255
76 117 26129464 255
73 121 26129476 255
65 137 26129496 255
69 149 26129518 255
75 163 26129528 255
83 175 26129546 255
93 178 26129562 255
104 179 26129584 255
119 171 26129604 255
127 166 26129616 255
130 159 26129638 255
130 148 26129656 255
128 143 26129670 255
125 139 26129680 255
121 134 26129704 255
109 131 26129724 255
103 130 26129736 255
94 130 26129756 255
90 131 26129792 255
