26
143 63 26540988 255
139 59 26541028 255
136 59 26541036 255
128 60 26541056 255
124 62 26541070 255
106 77 26541092 255
86 97 26541102 255
65 116 26541112 255
61 120 26541124 255
58 138 26541146 255
57 153 26541164 255
58 164 26541178 255
64 172 26541188 255
72 177 26541200 255
75 180 26541212 255
89 181 26541232 255
95 178 26541244 255
105 167 26541264 255
106 164 26541272 255
102 159 26541288 255
97 151 26541298 255
89 138 26541320 255
79 135 26541330 255
69 133 26541352 255
64 137 26541364 255
50 146 26541408 255
