27
138 67 26564462 255
132 65 26564488 255
129 65 26564500 255
123 72 26564522 255
115 78 26564532 255
92 113 26564550 255
83 129 26564564 255
76 144 26564576 255
74 149 26564588 255
71 163 26564608 255
74 170 26564620 255
79 180 26564640 255
95 188 26564658 255
102 188 26564672 255
121 186 26564696 255
133 176 26564706 255
143 163 26564728 255
144 161 26564738 255
145 159 26564748 255
138 156 26564766 255
133 155 26564782 255
128 154 26564792 255
110 154 26564814 255
104 154 26564824 255
98 154 26564836 255
94 155 26564848 255
88 155 26564882 255
