40
73 121 26120684 255
79 115 26120736 255
81 110 26120746 255
82 106 26120756 255
84 101 26120768 255
94 84 26120788 255
102 76 26120800 255
110 66 26120822 255
112 63 26120832 255
115 59 26120856 255
116 57 26120864 255
117 56 26120876 255
118 57 26120884 255
119 63 26120908 255
119 70 26120920 255
119 87 26120940 255
119 99 26120952 255
119 112 26120964 255
119 126 26120974 255
119 140 26120992 255
118 144 26121008 255
117 151 26121028 255
115 158 26121050 255
111 161 26121060 255
102 165 26121084 255
93 167 26121100 255
89 168 26121116 255
86 169 26121126 255
84 169 26121136 255
82 170 26121148 255
82 170 26121168 255
83 170 26121180 255
92 171 26121202 255
99 171 26121208 255
114 170 26121236 255
130 169 26121256 255
137 169 26121268 255
149 168 26121288 255
155 167 26121300 255
161 164 26121336 255
