34
128 81 26119056 255
126 77 26119084 255
124 75 26119096 255
122 72 26119116 255
120 72 26119128 255
111 77 26119146 255
105 81 26119160 255
100 84 26119172 255
94 87 26119184 255
73 102 26119204 255
65 111 26119216 255
60 117 26119236 255
58 128 26119254 255
57 134 26119268 255
57 144 26119292 255
59 149 26119302 255
73 161 26119324 255
78 163 26119336 255
87 163 26119344 255
95 161 26119356 255
113 158 26119364 255
128 152 26119378 255
139 141 26119388 255
146 132 26119412 255
149 124 26119432 255
150 117 26119444 255
150 106 26119464 255
150 100 26119472 255
149 86 26119496 255
139 76 26119520 255
134 73 26119530 255
127 71 26119552 255
119 72 26119564 255
112 75 26119598 255
