40
101 52 26132886 255
96 51 26132912 255
94 50 26132928 255
92 52 26132938 255
89 55 26132960 255
89 58 26132972 255
87 63 26132992 255
87 75 26133014 255
87 80 26133020 255
93 91 26133048 255
100 100 26133056 255
109 114 26133080 255
114 127 26133100 255
116 135 26133112 255
117 144 26133128 255
118 148 26133144 255
118 158 26133166 255
107 170 26133188 255
101 175 26133200 255
93 179 26133220 255
79 180 26133238 255
74 177 26133252 255
67 169 26133276 255
65 165 26133284 255
73 147 26133308 255
78 139 26133318 255
101 114 26133340 255
115 99 26133360 255
125 90 26133372 255
142 72 26133394 255
144 70 26133404 255
148 65 26133428 255
149 59 26133448 255
149 54 26133456 255
149 47 26133480 255
145 44 26133492 255
134 40 26133512 255
123 38 26133536 255
114 38 26133546 255
102 45 26133590 255
