35
83 98 26534356 255
84 95 26534388 255
85 92 26534400 255
94 81 26534420 255
100 75 26534432 255
120 45 26534452 255
131 38 26534460 255
137 34 26534484 255
141 32 26534508 255
142 32 26534518 255
144 40 26534540 255
144 47 26534552 255
144 57 26534560 255
144 69 26534568 255
139 112 26534594 255
135 117 26534604 255
128 129 26534626 255
125 135 26534636 255
123 139 26534648 255
121 143 26534660 255
109 148 26534676 255
104 150 26534692 255
95 152 26534712 255
93 152 26534724 255
91 152 26534736 255
89 152 26534746 255
90 152 26534768 255
102 151 26534784 255
110 151 26534800 255
119 150 26534812 255
127 149 26534822 255
133 148 26534832 255
145 147 26534854 255
150 147 26534864 255
157 144 26534912 255
