28
76 78 26558584 255
74 75 26558600 255
74 73 26558610 255
75 71 26558632 255
78 69 26558644 255
81 69 26558652 255
97 68 26558672 255
103 68 26558686 255
110 70 26558696 255
123 73 26558720 255
129 78 26558728 255
133 82 26558740 255
134 86 26558752 255
126 107 26558772 255
114 128 26558780 255
91 153 26558804 255
81 171 26558828 255
78 175 26558838 255
78 180 26558860 255
79 182 26558870 255
83 187 26558888 255
89 188 26558904 255
95 189 26558914 255
103 189 26558924 255
120 187 26558946 255
129 186 26558956 255
146 182 26558980 255
154 180 26559014 255
