39
65 63 26090964 255
73 59 26091024 255
77 57 26091036 255
94 55 26091058 255
101 55 26091064 255
118 57 26091092 255
125 58 26091100 255
131 59 26091112 255
136 60 26091124 255
143 63 26091144 255
144 67 26091156 255
147 78 26091172 255
147 83 26091188 255
142 90 26091200 255
132 104 26091210 255
102 127 26091232 255
92 141 26091244 255
76 150 26091264 255
68 154 26091282 255
65 155 26091296 255
61 158 26091320 255
60 158 26091328 255
59 159 26091340 255
60 159 26091362 255
70 159 26091384 255
75 158 26091390 255
84 158 26091406 255
92 158 26091416 255
99 157 26091428 255
110 157 26091438 255
127 156 26091460 255
136 156 26091472 255
154 155 26091492 255
161 155 26091500 255
170 155 26091524 255
173 155 26091536 255
176 155 26091558 255
178 155 26091568 255
179 155 26091616 255
