39
131 96 176158896 255
126 94 176158944 255
125 94 176158944 255
123 95 176158976 255
121 97 176158992 255
117 105 176159008 255
108 114 176159024 255
103 117 176159040 255
97 126 176159056 255
94 131 176159072 255
90 139 176159088 255
89 143 176159104 255
89 145 176159120 255
87 148 176159136 255
87 149 176159152 255
87 150 176159152 255
88 152 176159184 255
91 152 176159184 255
98 152 176159200 255
103 152 176159216 255
119 151 176159232 255
127 150 176159232 255
140 150 176159264 255
154 147 176159296 255
160 148 176159296 255
168 149 176159328 255
170 149 176159328 255
172 150 176159376 255
125 93 176159488 255
124 97 176159552 255
124 100 176159568 255
124 108 176159584 255
124 114 176159600 255
125 129 176159616 255
126 137 176159632 255
127 156 176159648 255
128 168 176159680 255
128 172 176159696 255
128 176 176159728 255
