51
89 115 176120160 255
88 112 176120224 255
88 111 176120240 255
88 109 176120256 255
89 106 176120272 255
89 104 176120288 255
95 101 176120304 255
104 98 176120336 255
107 97 176120336 255
112 97 176120368 255
114 97 176120368 255
118 101 176120400 255
123 104 176120416 255
125 106 176120432 255
127 111 176120448 255
126 114 176120464 255
125 118 176120480 255
123 122 176120496 255
122 124 176120512 255
119 130 176120528 255
115 139 176120544 255
109 143 176120576 255
101 148 176120592 255
98 150 176120608 255
93 155 176120624 255
91 157 176120640 255
88 163 176120656 255
86 166 176120672 255
86 168 176120688 255
85 170 176120704 255
84 173 176120720 255
84 173 176120736 255
84 173 176120752 255
84 175 176120768 255
84 176 176120768 255
85 175 176120800 255
85 174 176120800 255
86 174 176120832 255
90 173 176120832 255
96 172 176120848 255
101 171 176120864 255
111 170 176120880 255
120 168 176120896 255
133 165 176120912 255
139 164 176120928 255
144 163 176120944 255
151 163 176120944 255
161 162 176120976 255
167 162 176120992 255
169 162 176121008 255
170 163 176121040 255
