43
143 82 176134896 255
142 78 176134976 255
140 76 176134992 255
133 72 176135008 255
130 70 176135024 255
124 69 176135040 255
116 72 176135056 255
110 74 176135072 255
101 81 176135104 255
98 84 176135104 255
92 90 176135136 255
90 97 176135136 255
89 102 176135152 255
88 110 176135168 255
88 113 176135184 255
88 116 176135200 255
96 119 176135216 255
101 120 176135232 255
105 121 176135232 255
109 120 176135248 255
115 117 176135280 255
119 113 176135280 255
128 105 176135312 255
132 103 176135312 255
135 100 176135328 255
139 97 176135344 255
143 90 176135360 255
144 87 176135376 255
146 80 176135392 255
147 79 176135408 255
147 78 176135408 255
147 78 176135424 255
146 79 176135440 255
145 80 176135456 255
144 83 176135472 255
143 86 176135488 255
142 90 176135504 255
139 103 176135536 255
137 111 176135552 255
132 138 176135568 255
129 153 176135584 255
127 163 176135584 255
125 171 176135616 255
