35
89 133 176629088 255
87 130 176629120 255
87 128 176629120 255
86 127 176629136 255
86 126 176629152 255
86 124 176629184 255
87 123 176629184 255
88 122 176629200 255
91 120 176629216 255
101 119 176629232 255
109 120 176629248 255
112 121 176629264 255
114 122 176629280 255
117 124 176629280 255
119 129 176629296 255
119 139 176629312 255
119 144 176629328 255
108 159 176629344 255
99 170 176629360 255
87 179 176629376 255
79 184 176629408 255
76 185 176629408 255
73 188 176629440 255
72 189 176629440 255
76 189 176629472 255
89 188 176629488 255
97 187 176629504 255
119 185 176629520 255
127 185 176629536 255
138 183 176629552 255
145 183 176629568 255
148 182 176629584 255
151 182 176629616 255
152 182 176629616 255
153 182 176629648 255
