48
91 97 176122384 255
88 94 176122448 255
88 93 176122464 255
88 92 176122480 255
89 92 176122496 255
94 91 176122528 255
102 90 176122544 255
106 90 176122560 255
112 91 176122576 255
114 92 176122592 255
118 94 176122608 255
120 101 176122624 255
121 105 176122640 255
120 112 176122656 255
119 117 176122672 255
116 119 176122688 255
108 122 176122720 255
104 123 176122720 255
97 127 176122752 255
95 128 176122752 255
93 130 176122784 255
92 131 176122800 255
91 131 176122816 255
91 132 176122832 255
93 132 176122848 255
97 132 176122864 255
100 132 176122880 255
104 132 176122896 255
108 133 176122896 255
116 136 176122928 255
119 138 176122928 255
126 142 176122960 255
128 144 176122960 255
133 150 176122992 255
135 156 176123008 255
135 160 176123024 255
133 166 176123040 255
132 170 176123056 255
129 172 176123056 255
126 175 176123072 255
116 179 176123088 255
103 180 176123104 255
96 181 176123120 255
89 181 176123136 255
83 181 176123152 255
78 181 176123168 255
71 181 176123184 255
67 182 176123216 255
