29
91 120 176601856 255
87 116 176601920 255
87 115 176601936 255
89 112 176601952 255
91 110 176601968 255
99 107 176601984 255
104 107 176601984 255
113 108 176602016 255
119 112 176602032 255
121 114 176602048 255
122 121 176602080 255
121 126 176602080 255
112 137 176602096 255
100 150 176602128 255
94 155 176602144 255
87 163 176602160 255
84 165 176602176 255
81 169 176602192 255
81 172 176602208 255
82 172 176602224 255
89 172 176602240 255
98 172 176602256 255
118 170 176602272 255
135 168 176602304 255
147 167 176602320 255
152 167 176602336 255
155 166 176602336 255
159 167 176602368 255
159 169 176602400 255
