34
142 111 176612128 255
139 106 176612176 255
135 104 176612192 255
128 99 176612208 255
125 98 176612224 255
113 96 176612240 255
107 95 176612256 255
98 96 176612272 255
87 105 176612288 255
81 110 176612304 255
74 122 176612336 255
75 133 176612336 255
80 142 176612368 255
85 147 176612384 255
93 144 176612400 255
104 136 176612416 255
109 132 176612432 255
117 123 176612432 255
124 112 176612448 255
131 103 176612464 255
133 99 176612480 255
134 97 176612496 255
134 97 176612512 255
134 97 176612528 255
134 100 176612560 255
134 102 176612560 255
132 111 176612592 255
131 119 176612592 255
128 148 176612624 255
124 180 176612640 255
122 191 176612656 255
121 201 176612672 255
121 204 176612688 255
121 207 176612720 255
