34
288 199 4212203 255
273 180 4212233 255
255 168 4212250 255
242 164 4212266 255
213 170 4212283 255
188 195 4212299 255
171 227 4212315 255
166 245 4212332 255
165 266 4212348 255
170 289 4212365 255
179 314 4212381 255
184 325 4212398 255
187 332 4212414 255
189 334 4212430 255
190 334 4212447 255
192 332 4212463 255
193 329 4212480 255
200 326 4212496 255
215 325 4212513 255
228 324 4212529 255
248 330 4212545 255
275 346 4212562 255
291 373 4212578 255
301 406 4212595 255
304 434 4212611 255
299 460 4212628 255
291 473 4212644 255
267 481 4212660 255
240 484 4212677 255
206 478 4212693 255
180 460 4212710 255
161 445 4212726 255
152 436 4212743 255
152 434 4212770 255
