30
124 79 13441318 255
118 77 13441346 255
105 80 13441358 255
94 91 13441380 255
88 97 13441392 255
71 113 13441414 255
62 127 13441428 255
60 134 13441442 255
67 144 13441466 255
71 147 13441468 255
78 152 13441480 255
85 152 13441492 255
103 143 13441518 255
107 141 13441518 255
118 129 13441530 255
134 114 13441542 255
141 97 13441570 255
142 91 13441570 255
139 84 13441582 255
132 79 13441594 255
123 76 13441620 255
120 77 13441634 255
119 83 13441646 255
118 99 13441670 255
119 113 13441684 255
120 128 13441698 255
131 176 13441722 255
134 193 13441734 255
135 211 13441748 255
132 231 13441784 255
