28
157 93 12898790 255
154 89 12898800 255
151 85 12898824 255
147 84 12898826 255
135 89 12898838 255
127 96 12898850 255
96 125 12898878 255
90 133 12898894 255
85 147 12898896 255
79 155 12898906 255
69 165 12898928 255
73 175 12898940 255
80 186 12898964 255
95 192 12898978 255
107 193 12898992 255
129 189 12899016 255
134 185 12899016 255
141 178 12899030 255
145 172 12899040 255
146 166 12899056 255
141 157 12899068 255
131 153 12899080 255
122 152 12899092 255
109 156 12899104 255
99 160 12899120 255
92 164 12899132 255
88 174 12899144 255
85 183 12899182 255
