26
94 103 12895530 255
92 106 12895572 255
92 110 12895572 255
91 118 12895586 255
90 128 12895598 255
89 140 12895616 255
88 151 12895630 255
87 161 12895644 255
88 168 12895656 255
90 172 12895668 255
96 175 12895680 255
104 176 12895694 255
108 175 12895706 255
122 170 12895720 255
137 158 12895744 255
142 145 12895770 255
143 141 12895782 255
143 140 12895794 255
139 145 12895822 255
138 149 12895822 255
136 159 12895834 255
133 170 12895846 255
131 196 12895872 255
131 208 12895886 255
132 219 12895898 255
134 234 12895934 255
