26
91 127 13430192 255
89 121 13430210 255
89 115 13430222 255
95 112 13430234 255
111 107 13430260 255
121 106 13430272 255
132 106 13430286 255
139 110 13430304 255
139 122 13430328 255
131 129 13430336 255
122 140 13430360 255
110 148 13430374 255
99 156 13430386 255
93 161 13430412 255
95 163 13430426 255
108 164 13430448 255
111 164 13430450 255
123 165 13430462 255
134 167 13430476 255
143 179 13430502 255
145 186 13430512 255
139 190 13430526 255
120 198 13430552 255
106 201 13430566 255
87 205 13430588 255
80 205 13430622 255
