38
75 109 8559440 255
81 107 8559512 255
84 107 8559522 255
95 106 8559540 255
101 106 8559556 255
111 105 8559578 255
117 105 8559588 255
123 105 8559598 255
128 105 8559610 255
136 105 8559632 255
141 105 8559648 255
143 105 8559664 255
144 105 8559674 255
145 105 8559686 255
146 105 8559696 255
147 106 8559718 255
148 106 8559728 255
148 106 8559750 255
148 106 8559756 255
148 107 8559784 255
147 108 8559804 255
147 110 8559816 255
145 117 8559838 255
144 121 8559848 255
138 127 8559866 255
132 136 8559892 255
129 143 8559902 255
127 148 8559914 255
125 153 8559924 255
123 163 8559946 255
121 169 8559956 255
120 180 8559974 255
119 184 8559988 255
119 187 8560000 255
118 189 8560010 255
117 193 8560032 255
117 193 8560044 255
117 194 8560100 255
