28
111 158 8526612 255
112 154 8526650 255
113 151 8526660 255
114 146 8526682 255
115 143 8526694 255
117 137 8526710 255
119 130 8526726 255
121 123 8526736 255
124 118 8526748 255
130 109 8526770 255
133 103 8526780 255
137 95 8526802 255
139 94 8526818 255
141 96 8526834 255
143 99 8526856 255
144 101 8526866 255
145 110 8526888 255
146 116 8526900 255
146 122 8526910 255
148 138 8526928 255
149 147 8526942 255
150 155 8526954 255
152 177 8526976 255
153 183 8526986 255
155 190 8527008 255
156 195 8527030 255
157 197 8527036 255
157 198 8527084 255
