43
86 128 8196925 255
87 124 8196940 255
87 120 8196946 255
92 114 8196972 255
102 110 8196994 255
106 109 8197005 255
114 107 8197026 255
118 107 8197037 255
127 109 8197054 255
134 118 8197081 255
136 122 8197091 255
139 128 8197113 255
139 131 8197124 255
134 136 8197146 255
129 145 8197163 255
126 148 8197178 255
122 152 8197200 255
120 154 8197211 255
118 155 8197232 255
117 156 8197254 255
117 157 8197271 255
118 157 8197287 255
119 157 8197298 255
127 158 8197319 255
132 159 8197330 255
136 160 8197341 255
139 161 8197352 255
145 163 8197373 255
148 164 8197380 255
151 168 8197406 255
152 173 8197417 255
153 181 8197438 255
152 188 8197460 255
151 190 8197471 255
146 194 8197488 255
140 195 8197504 255
130 198 8197525 255
119 199 8197547 255
112 199 8197558 255
101 199 8197579 255
94 198 8197597 255
91 198 8197612 255
87 197 8197656 255
