37
108 160 8193419 255
109 156 8193480 255
109 155 8193490 255
111 149 8193512 255
112 147 8193523 255
114 141 8193545 255
116 139 8193556 255
118 131 8193573 255
119 126 8193588 255
120 121 8193599 255
122 117 8193610 255
124 111 8193631 255
124 109 8193642 255
126 105 8193664 255
126 102 8193681 255
127 101 8193697 255
127 99 8193718 255
127 99 8193740 255
128 99 8193751 255
129 101 8193772 255
130 103 8193790 255
131 104 8193805 255
132 105 8193816 255
134 108 8193827 255
135 114 8193838 255
138 123 8193859 255
139 128 8193870 255
142 143 8193892 255
143 149 8193898 255
144 161 8193924 255
146 178 8193946 255
147 182 8193957 255
148 189 8193979 255
149 192 8193989 255
150 196 8194022 255
150 197 8194033 255
150 197 8194077 255
