79
141 111 8206925 255
138 108 8206972 255
134 107 8206989 255
131 106 8207004 255
126 105 8207026 255
123 105 8207037 255
117 105 8207059 255
113 105 8207070 255
108 105 8207080 255
100 105 8207097 255
97 106 8207113 255
94 107 8207124 255
90 112 8207145 255
89 116 8207156 255
87 120 8207167 255
86 122 8207178 255
85 128 8207200 255
85 129 8207206 255
85 132 8207232 255
85 134 8207243 255
86 135 8207254 255
87 136 8207265 255
91 138 8207286 255
95 138 8207297 255
104 141 8207314 255
108 143 8207330 255
115 147 8207351 255
125 152 8207373 255
129 155 8207384 255
137 158 8207406 255
141 161 8207423 255
143 163 8207438 255
144 164 8207449 255
145 165 8207460 255
146 166 8207471 255
147 169 8207492 255
147 170 8207503 255
146 174 8207525 255
146 177 8207531 255
145 179 8207547 255
144 182 8207558 255
140 186 8207579 255
137 187 8207590 255
131 189 8207612 255
128 190 8207623 255
124 191 8207640 255
119 190 8207666 255
117 190 8207677 255
111 188 8207698 255
108 186 8207709 255
103 180 8207731 255
102 177 8207742 255
100 175 8207748 255
100 173 8207764 255
102 169 8207785 255
104 168 8207796 255
109 161 8207818 255
113 152 8207839 255
116 146 8207857 255
119 141 8207883 255
120 140 8207894 255
125 137 8207915 255
128 136 8207926 255
134 134 8207948 255
139 132 8207965 255
140 130 8207980 255
143 127 8208002 255
144 124 8208013 255
145 120 8208035 255
145 118 8208046 255
144 116 8208056 255
144 113 8208074 255
142 111 8208089 255
140 110 8208100 255
136 109 8208121 255
134 108 8208132 255
132 108 8208143 255
131 108 8208154 255
127 108 8208200 255
