35
84 168 8158777 255
85 164 8158823 255
86 162 8158834 255
90 152 8158851 255
94 147 8158866 255
102 138 8158888 255
105 131 8158899 255
109 123 8158910 255
111 117 8158921 255
114 110 8158942 255
116 104 8158960 255
116 102 8158975 255
116 100 8158986 255
117 99 8159008 255
117 99 8159029 255
117 100 8159040 255
117 103 8159062 255
118 105 8159068 255
118 116 8159094 255
118 121 8159105 255
118 126 8159116 255
119 133 8159127 255
119 147 8159149 255
119 153 8159159 255
120 170 8159177 255
121 178 8159192 255
122 183 8159203 255
123 187 8159214 255
125 194 8159235 255
127 197 8159246 255
129 201 8159268 255
131 204 8159285 255
132 203 8159301 255
131 202 8159322 255
129 200 8159356 255
