27
84 178 820307 255
86 174 820331 255
88 171 820346 255
92 167 820357 255
103 154 820378 255
109 141 820389 255
116 124 820400 255
124 108 820411 255
137 84 820433 255
139 82 820439 255
140 78 820465 255
140 77 820476 255
139 77 820498 255
133 84 820519 255
131 89 820530 255
126 108 820548 255
124 120 820563 255
121 150 820585 255
121 158 820595 255
120 169 820606 255
120 177 820617 255
119 187 820639 255
119 199 820656 255
119 204 820671 255
119 208 820682 255
119 211 820693 255
119 212 820727 255
