31
86 116 503369 255
86 110 503391 255
89 99 503405 255
95 93 503417 255
109 82 503443 255
113 77 503444 255
124 70 503456 255
133 67 503468 255
142 71 503495 255
144 76 503508 255
144 80 503520 255
135 100 503545 255
127 111 503559 255
119 127 503572 255
98 150 503595 255
90 162 503609 255
81 171 503623 255
74 176 503636 255
69 179 503648 255
66 181 503660 255
65 182 503673 255
70 181 503693 255
82 178 503718 255
94 177 503737 255
104 177 503750 255
113 177 503763 255
136 175 503787 255
145 169 503800 255
157 162 503815 255
173 153 503839 255
178 146 503889 255
