42
100 85 506219 255
95 84 506265 255
94 85 506280 255
91 91 506293 255
82 110 506317 255
72 125 506329 255
65 136 506344 255
57 152 506369 255
56 161 506381 255
55 167 506394 255
60 174 506421 255
69 174 506432 255
77 170 506445 255
82 167 506457 255
87 164 506458 255
99 160 506473 255
108 156 506485 255
114 154 506496 255
120 152 506509 255
125 150 506522 255
128 147 506537 255
129 131 506561 255
127 125 506574 255
125 121 506586 255
122 111 506612 255
121 108 506625 255
121 107 506637 255
121 109 506663 255
121 112 506675 255
121 118 506688 255
121 128 506701 255
120 138 506714 255
119 163 506741 255
119 172 506753 255
118 179 506765 255
118 182 506776 255
117 185 506778 255
117 193 506791 255
117 198 506804 255
117 201 506816 255
117 203 506840 255
117 202 506891 255
