30
91 96 843152 255
90 91 843190 255
94 88 843201 255
104 84 843222 255
111 82 843229 255
127 81 843255 255
132 83 843266 255
137 87 843277 255
139 91 843287 255
140 99 843309 255
135 107 843320 255
120 125 843337 255
102 133 843363 255
98 134 843374 255
94 135 843396 255
97 136 843407 255
106 137 843428 255
119 143 843445 255
126 148 843461 255
138 159 843483 255
142 169 843493 255
143 176 843504 255
137 184 843515 255
127 191 843537 255
108 194 843554 255
98 195 843569 255
88 194 843580 255
79 194 843591 255
74 192 843602 255
66 183 843646 255
