36
114 55 531162 255
103 67 531242 255
97 75 531254 255
91 85 531267 255
78 109 531293 255
71 124 531306 255
66 135 531318 255
61 145 531345 255
61 147 531357 255
62 148 531370 255
76 148 531394 255
81 145 531410 255
89 136 531421 255
107 126 531447 255
112 123 531458 255
115 121 531473 255
118 117 531498 255
119 107 531511 255
119 98 531522 255
119 90 531550 255
119 88 531561 255
119 87 531573 255
119 88 531601 255
119 99 531612 255
119 118 531638 255
118 131 531649 255
118 142 531665 255
117 169 531688 255
117 176 531702 255
117 184 531713 255
117 197 531740 255
117 200 531741 255
117 204 531753 255
117 206 531766 255
118 207 531777 255
118 203 531828 255
