32
87 120 528468 255
87 117 528508 255
89 105 528524 255
97 97 528535 255
109 89 528560 255
124 86 528573 255
134 85 528588 255
144 94 528612 255
146 105 528624 255
145 122 528636 255
124 156 528664 255
109 169 528676 255
97 183 528689 255
90 189 528700 255
84 194 528701 255
72 201 528716 255
64 204 528728 255
60 204 528740 255
58 198 528752 255
59 192 528765 255
64 188 528780 255
76 185 528803 255
88 186 528817 255
99 193 528828 255
112 203 528855 255
130 209 528868 255
138 210 528881 255
148 209 528906 255
151 205 528908 255
160 196 528920 255
166 189 528932 255
171 178 528982 255
