74
170 186 5543608 255
163 185 5543637 255
157 185 5543651 255
153 185 5543670 255
148 185 5543694 255
143 185 5543695 255
133 186 5543710 255
124 187 5543724 255
118 187 5543738 255
111 188 5543754 255
98 188 5543770 255
81 189 5543797 255
72 189 5543813 255
65 188 5543830 255
61 188 5543844 255
59 188 5543859 255
57 186 5543872 255
57 186 5543888 255
59 185 5543903 255
62 183 5543918 255
66 181 5543933 255
72 179 5543947 255
79 178 5543961 255
84 175 5543978 255
90 174 5543993 255
96 171 5544007 255
101 168 5544021 255
106 165 5544036 255
112 161 5544053 255
116 158 5544067 255
121 155 5544081 255
126 152 5544096 255
131 149 5544110 255
136 146 5544127 255
140 144 5544142 255
143 140 5544156 255
146 136 5544184 255
148 133 5544201 255
149 132 5544202 255
150 129 5544215 255
153 125 5544245 255
154 122 5544260 255
155 120 5544276 255
156 118 5544290 255
157 117 5544305 255
157 116 5544320 255
157 116 5544333 255
157 116 5544357 255
156 118 5544371 255
156 120 5544386 255
156 125 5544408 255
155 130 5544424 255
155 135 5544439 255
154 141 5544452 255
153 151 5544481 255
152 156 5544482 255
151 161 5544497 255
150 165 5544499 255
148 175 5544513 255
146 181 5544533 255
141 197 5544549 255
139 203 5544557 255
136 213 5544572 255
134 218 5544586 255
131 229 5544601 255
128 236 5544616 255
126 243 5544629 255
124 248 5544646 255
123 253 5544662 255
122 255 5544676 255
122 256 5544690 255
122 257 5544704 255
123 255 5544728 255
123 253 5544777 255
