45
120 159 5506184 255
119 156 5506221 255
119 155 5506235 255
121 155 5506254 255
128 154 5506268 255
135 153 5506281 255
142 151 5506307 255
145 150 5506319 255
148 151 5506334 255
151 157 5506360 255
151 162 5506372 255
150 167 5506385 255
147 178 5506412 255
145 181 5506413 255
141 188 5506425 255
136 196 5506438 255
131 203 5506451 255
121 215 5506479 255
116 221 5506492 255
108 230 5506516 255
105 233 5506517 255
100 238 5506531 255
96 242 5506544 255
93 244 5506558 255
90 246 5506570 255
87 247 5506583 255
85 247 5506611 255
85 246 5506624 255
88 246 5506636 255
91 245 5506649 255
100 244 5506677 255
105 244 5506690 255
109 244 5506702 255
118 244 5506730 255
122 245 5506743 255
126 245 5506755 255
131 245 5506768 255
135 245 5506781 255
139 244 5506796 255
142 244 5506809 255
145 244 5506821 255
150 243 5506847 255
153 242 5506862 255
155 242 5506875 255
155 242 5506911 255
