43
149 151 5405423 255
149 146 5405519 255
149 145 5405533 255
148 143 5405553 255
147 144 5405567 255
143 148 5405580 255
129 152 5405605 255
125 153 5405618 255
121 154 5405633 255
111 154 5405658 255
103 154 5405670 255
98 152 5405683 255
95 148 5405698 255
94 143 5405711 255
95 136 5405723 255
97 130 5405737 255
102 123 5405749 255
115 108 5405777 255
122 102 5405789 255
130 97 5405809 255
133 96 5405816 255
139 95 5405837 255
144 96 5405853 255
148 99 5405868 255
149 101 5405882 255
152 107 5405891 255
154 115 5405907 255
155 123 5405922 255
155 138 5405951 255
152 154 5405967 255
149 166 5405984 255
142 180 5405999 255
132 193 5406014 255
125 202 5406029 255
117 207 5406044 255
108 211 5406062 255
100 214 5406077 255
93 216 5406091 255
80 215 5406121 255
76 213 5406138 255
73 213 5406139 255
67 206 5406154 255
64 198 5406197 255
