47
111 178 5429397 255
111 174 5429418 255
111 171 5429432 255
111 169 5429444 255
113 165 5429470 255
113 163 5429471 255
114 160 5429482 255
116 158 5429496 255
119 156 5429520 255
122 155 5429534 255
125 155 5429546 255
138 154 5429571 255
142 154 5429584 255
144 155 5429598 255
146 164 5429623 255
146 170 5429635 255
145 177 5429647 255
135 195 5429674 255
129 203 5429687 255
123 211 5429710 255
121 213 5429711 255
116 218 5429726 255
110 222 5429738 255
101 228 5429762 255
99 229 5429763 255
94 233 5429775 255
89 235 5429790 255
83 238 5429814 255
81 238 5429827 255
80 238 5429839 255
83 235 5429866 255
86 233 5429878 255
89 231 5429891 255
98 230 5429917 255
103 229 5429929 255
110 229 5429953 255
112 229 5429954 255
115 230 5429965 255
121 231 5429980 255
131 232 5430004 255
136 232 5430017 255
140 231 5430029 255
144 231 5430050 255
149 229 5430074 255
153 227 5430087 255
159 223 5430107 255
163 220 5430149 255
