40
165 104 5398535 255
160 105 5398560 255
155 106 5398574 255
153 108 5398586 255
145 113 5398612 255
135 117 5398627 255
128 120 5398640 255
115 129 5398665 255
108 135 5398677 255
101 143 5398693 255
92 155 5398717 255
88 162 5398736 255
82 178 5398757 255
78 188 5398758 255
76 202 5398771 255
76 212 5398790 255
77 220 5398802 255
80 231 5398823 255
84 237 5398836 255
88 240 5398849 255
95 242 5398861 255
103 242 5398874 255
113 240 5398890 255
122 236 5398902 255
139 228 5398928 255
145 223 5398941 255
150 218 5398956 255
156 209 5398981 255
156 204 5398994 255
154 199 5399007 255
144 190 5399034 255
136 188 5399047 255
129 185 5399059 255
113 184 5399087 255
105 184 5399100 255
98 183 5399113 255
91 187 5399139 255
88 190 5399154 255
86 194 5399166 255
89 201 5399217 255
