39
135 74 31955618 255
129 74 31955644 255
127 73 31955656 255
124 73 31955676 255
122 73 31955688 255
119 74 31955704 255
117 75 31955720 255
106 82 31955742 255
99 91 31955764 255
96 94 31955774 255
93 100 31955796 255
99 113 31955812 255
105 120 31955828 255
117 134 31955850 255
128 147 31955860 255
139 157 31955882 255
143 162 31955904 255
146 169 31955920 255
147 175 31955936 255
148 180 31955948 255
144 189 31955968 255
133 197 31955992 255
126 199 31956002 255
109 200 31956024 255
103 199 31956030 255
95 198 31956056 255
92 195 31956068 255
91 189 31956076 255
90 183 31956088 255
90 161 31956110 255
95 149 31956120 255
109 125 31956138 255
113 116 31956152 255
114 112 31956164 255
116 109 31956176 255
130 91 31956196 255
138 82 31956208 255
145 67 31956228 255
149 58 31956272 255
