38
116 74 32476196 255
116 80 32476268 255
114 85 32476280 255
107 94 32476300 255
99 105 32476320 255
97 111 32476334 255
94 117 32476344 255
93 121 32476356 255
92 124 32476368 255
90 129 32476388 255
90 131 32476400 255
94 133 32476420 255
99 134 32476428 255
107 136 32476452 255
113 137 32476476 255
115 137 32476486 255
122 137 32476508 255
126 136 32476518 255
134 135 32476536 255
139 133 32476560 255
141 132 32476572 255
143 130 32476594 255
144 129 32476604 255
144 129 32476626 255
144 130 32476644 255
144 130 32476660 255
143 132 32476680 255
143 133 32476692 255
141 136 32476712 255
139 146 32476736 255
136 155 32476752 255
135 158 32476768 255
133 161 32476778 255
132 165 32476788 255
131 169 32476800 255
129 176 32476820 255
129 179 32476832 255
130 181 32476868 255
