37
102 72 31948324 255
99 76 31948378 255
97 83 31948388 255
93 95 31948412 255
89 114 31948428 255
86 125 31948444 255
83 142 31948454 255
81 150 31948464 255
80 154 31948476 255
80 159 31948496 255
80 161 31948508 255
82 164 31948530 255
84 165 31948536 255
92 166 31948562 255
103 167 31948584 255
107 167 31948596 255
113 167 31948616 255
116 167 31948628 255
125 164 31948644 255
132 155 31948670 255
134 151 31948680 255
137 145 31948704 255
137 143 31948714 255
136 141 31948736 255
134 140 31948752 255
133 140 31948768 255
133 145 31948790 255
133 149 31948800 255
133 158 31948822 255
133 167 31948832 255
132 175 31948844 255
131 192 31948856 255
131 207 31948860 255
130 216 31948876 255
129 222 31948888 255
130 232 31948908 255
132 236 31948942 255
