29
147 82 32482828 255
140 84 32482876 255
135 88 32482888 255
127 95 32482904 255
123 98 32482920 255
111 108 32482940 255
103 117 32482952 255
98 124 32482964 255
95 127 32482974 255
91 134 32482996 255
90 145 32483012 255
90 149 32483028 255
91 153 32483040 255
95 156 32483050 255
100 159 32483060 255
109 162 32483082 255
112 162 32483092 255
122 162 32483116 255
127 161 32483120 255
133 154 32483148 255
130 148 32483168 255
128 145 32483180 255
124 141 32483200 255
121 140 32483212 255
115 138 32483228 255
110 138 32483244 255
105 137 32483256 255
101 137 32483276 255
100 137 32483312 255
