26
77 97 31998692 255
82 98 31998752 255
84 99 31998764 255
96 99 31998780 255
102 100 31998796 255
116 100 31998816 255
124 100 31998828 255
129 101 31998840 255
134 101 31998850 255
141 102 31998872 255
145 103 31998888 255
146 104 31998904 255
147 109 31998926 255
146 115 31998936 255
136 128 31998958 255
128 143 31998968 255
117 163 31998992 255
99 189 31999012 255
94 194 31999034 255
93 197 31999044 255
91 203 31999066 255
91 207 31999096 255
87 159 31999230 255
94 161 31999284 255
103 161 31999294 255
131 156 31999340 255
