35
79 60 16715684 255
81 57 16715726 255
83 56 16715736 255
94 55 16715758 255
102 56 16715768 255
121 59 16715790 255
129 61 16715802 255
141 68 16715818 255
145 77 16715844 255
144 83 16715856 255
127 105 16715876 255
112 122 16715888 255
88 152 16715910 255
74 175 16715926 255
69 188 16715942 255
64 206 16715964 255
65 213 16715974 255
74 225 16715996 255
79 229 16716008 255
86 230 16716018 255
94 230 16716028 255
102 228 16716036 255
118 222 16716050 255
131 216 16716062 255
144 202 16716082 255
145 195 16716094 255
143 187 16716104 255
136 174 16716116 255
113 140 16716138 255
95 123 16716144 255
71 95 16716170 255
64 85 16716180 255
60 77 16716192 255
59 72 16716202 255
59 63 16716242 255
