34
136 63 17024938 255
131 68 17024976 255
127 76 17024984 255
114 101 17025010 255
95 127 17025020 255
90 137 17025042 255
89 141 17025052 255
88 145 17025064 255
87 147 17025076 255
85 150 17025092 255
84 151 17025108 255
84 153 17025128 255
85 155 17025140 255
86 156 17025152 255
91 159 17025160 255
105 166 17025184 255
124 173 17025200 255
133 177 17025216 255
139 178 17025226 255
145 178 17025236 255
150 176 17025248 255
157 166 17025270 255
159 160 17025280 255
161 146 17025302 255
160 143 17025308 255
159 141 17025324 255
158 141 17025336 255
154 148 17025356 255
153 156 17025368 255
148 190 17025388 255
147 212 17025400 255
147 232 17025416 255
147 239 17025444 255
148 242 17025476 255
