26
133 71 17002760 255
127 73 17002796 255
124 74 17002804 255
118 87 17002830 255
112 92 17002840 255
94 123 17002862 255
87 151 17002872 255
85 161 17002884 255
84 177 17002896 255
83 208 17002912 255
84 217 17002928 255
87 225 17002948 255
93 226 17002960 255
99 225 17002972 255
104 220 17002980 255
114 205 17003004 255
144 145 17003020 255
148 116 17003036 255
148 109 17003046 255
148 92 17003056 255
143 83 17003068 255
130 66 17003090 255
126 64 17003100 255
112 68 17003122 255
103 76 17003128 255
94 91 17003168 255
