33
149 105 3806984 255
144 102 3807054 255
140 101 3807061 255
129 101 3807087 255
124 101 3807098 255
108 103 3807119 255
103 104 3807130 255
98 106 3807141 255
94 110 3807152 255
90 119 3807169 255
89 123 3807184 255
89 130 3807206 255
99 135 3807228 255
104 136 3807238 255
114 136 3807260 255
127 134 3807277 255
132 129 3807293 255
139 120 3807314 255
140 117 3807325 255
143 112 3807347 255
144 111 3807358 255
145 109 3807379 255
146 110 3807386 255
146 116 3807412 255
146 126 3807434 255
147 135 3807445 255
146 159 3807466 255
146 175 3807477 255
146 200 3807494 255
146 213 3807520 255
146 218 3807531 255
147 228 3807553 255
148 230 3807587 255
