45
142 149 3784884 255
143 146 3784901 255
144 145 3784912 255
144 141 3784934 255
142 139 3784945 255
136 136 3784966 255
128 132 3784984 255
124 131 3784999 255
109 130 3785021 255
103 130 3785032 255
88 132 3785053 255
81 134 3785064 255
72 140 3785086 255
69 145 3785092 255
69 150 3785107 255
71 155 3785118 255
77 162 3785140 255
81 165 3785151 255
94 168 3785173 255
99 168 3785183 255
105 168 3785194 255
109 168 3785201 255
119 164 3785227 255
123 159 3785238 255
128 150 3785259 255
128 147 3785270 255
128 142 3785292 255
127 141 3785303 255
126 140 3785309 255
126 139 3785324 255
126 139 3785335 255
127 141 3785357 255
128 146 3785368 255
132 155 3785389 255
135 162 3785400 255
137 170 3785411 255
140 178 3785417 255
144 197 3785444 255
145 205 3785454 255
145 216 3785476 255
145 220 3785487 255
144 223 3785498 255
144 227 3785509 255
142 232 3785526 255
141 234 3785564 255
