34
152 158 3783453 255
150 155 3783492 255
150 153 3783503 255
145 150 3783524 255
134 151 3783542 255
124 153 3783557 255
115 155 3783568 255
107 157 3783579 255
100 159 3783589 255
89 163 3783611 255
84 163 3783622 255
81 166 3783644 255
82 167 3783650 255
90 176 3783676 255
102 184 3783698 255
109 187 3783709 255
128 194 3783730 255
134 198 3783741 255
139 204 3783752 255
141 208 3783758 255
143 214 3783785 255
143 217 3783795 255
136 221 3783817 255
132 222 3783828 255
124 223 3783850 255
115 223 3783867 255
112 222 3783882 255
110 214 3783904 255
111 210 3783915 255
116 197 3783936 255
136 173 3783958 255
147 151 3783975 255
150 147 3783991 255
152 145 3784024 255
