40
154 106 4144570 255
147 105 4144629 255
142 104 4144640 255
138 104 4144646 255
133 103 4144661 255
129 103 4144672 255
124 103 4144694 255
121 103 4144705 255
120 103 4144715 255
119 104 4144726 255
117 108 4144748 255
116 114 4144754 255
115 125 4144780 255
115 133 4144791 255
115 139 4144802 255
115 146 4144813 255
115 154 4144835 255
116 156 4144846 255
117 160 4144863 255
118 161 4144878 255
118 161 4144889 255
120 160 4144900 255
128 155 4144921 255
132 152 4144932 255
140 149 4144954 255
150 153 4144971 255
156 155 4144987 255
166 160 4145008 255
170 163 4145019 255
174 175 4145041 255
173 180 4145052 255
163 192 4145073 255
132 217 4145095 255
124 220 4145106 255
106 223 4145127 255
100 224 4145138 255
84 223 4145160 255
77 219 4145171 255
72 215 4145182 255
67 210 4145215 255
