26
68 200 4139906 255
68 196 4139945 255
71 192 4139956 255
77 181 4139977 255
84 174 4139995 255
89 171 4140010 255
95 169 4140021 255
100 167 4140032 255
104 166 4140043 255
109 165 4140064 255
111 166 4140075 255
112 174 4140097 255
109 179 4140103 255
96 198 4140129 255
69 225 4140151 255
60 240 4140162 255
55 249 4140183 255
54 252 4140194 255
54 255 4140212 255
54 257 4140227 255
55 258 4140238 255
58 259 4140249 255
69 260 4140270 255
75 260 4140281 255
92 260 4140303 255
105 260 4140347 255
