27
305 225 5221845 255
295 225 5221925 255
281 230 5221942 255
253 244 5221958 255
225 261 5221975 255
199 276 5221991 255
179 304 5222008 255
157 325 5222024 255
142 354 5222040 255
137 382 5222057 255
136 413 5222073 255
141 435 5222090 255
164 463 5222106 255
177 473 5222123 255
201 480 5222139 255
224 480 5222155 255
250 468 5222172 255
276 450 5222188 255
286 437 5222205 255
289 427 5222221 255
290 415 5222238 255
286 401 5222254 255
259 388 5222270 255
230 385 5222287 255
196 392 5222303 255
155 421 5222320 255
143 428 5222349 255
