27
335 214 5007542 255
335 208 5007614 255
335 203 5007630 255
322 198 5007647 255
310 197 5007663 255
299 199 5007679 255
273 208 5007696 255
253 218 5007712 255
232 237 5007729 255
196 267 5007745 255
188 289 5007762 255
185 316 5007778 255
185 346 5007794 255
196 376 5007811 255
226 405 5007827 255
234 407 5007844 255
267 405 5007860 255
284 394 5007877 255
302 378 5007893 255
314 356 5007909 255
313 340 5007926 255
303 331 5007942 255
288 326 5007959 255
257 326 5007975 255
215 334 5007992 255
198 347 5008008 255
191 352 5008036 255
