40
185 202 5251739 255
185 209 5251838 255
185 216 5251854 255
182 237 5251871 255
176 260 5251887 255
171 272 5251904 255
166 284 5251921 255
163 299 5251937 255
162 304 5251953 255
162 306 5251969 255
167 308 5251986 255
173 307 5252002 255
180 307 5252019 255
197 307 5252035 255
220 308 5252052 255
238 311 5252068 255
266 315 5252084 255
280 318 5252101 255
293 318 5252117 255
311 318 5252134 255
321 316 5252150 255
328 310 5252167 255
331 295 5252183 255
333 280 5252199 255
333 253 5252216 255
333 230 5252232 255
333 218 5252249 255
333 212 5252265 255
333 209 5252282 255
333 208 5252288 255
331 211 5252314 255
324 229 5252331 255
312 266 5252347 255
303 307 5252364 255
300 343 5252380 255
297 372 5252397 255
294 400 5252413 255
293 422 5252429 255
292 433 5252446 255
292 439 5252487 255
