41
317 201 5005738 255
306 203 5005774 255
300 204 5005790 255
294 206 5005807 255
272 208 5005823 255
254 211 5005839 255
230 214 5005856 255
209 216 5005872 255
200 217 5005889 255
194 219 5005905 255
192 219 5005922 255
189 220 5005938 255
189 222 5005954 255
188 229 5005971 255
187 253 5005987 255
186 271 5006004 255
184 296 5006020 255
183 311 5006037 255
182 320 5006053 255
181 326 5006069 255
181 331 5006086 255
181 334 5006101 255
181 334 5006119 255
181 335 5006132 255
185 331 5006152 255
188 324 5006168 255
210 313 5006184 255
227 303 5006201 255
247 297 5006217 255
274 297 5006234 255
295 307 5006250 255
322 318 5006267 255
332 329 5006283 255
339 349 5006299 255
341 364 5006316 255
334 380 5006332 255
305 400 5006349 255
277 411 5006365 255
247 413 5006382 255
205 401 5006398 255
184 387 5006437 255
