38
295 205 5219985 255
289 212 5220085 255
270 214 5220102 255
257 215 5220118 255
246 215 5220135 255
237 212 5220151 255
225 210 5220168 255
216 210 5220184 255
210 210 5220200 255
206 210 5220217 255
203 211 5220233 255
201 214 5220250 255
199 220 5220266 255
195 244 5220283 255
193 263 5220299 255
191 291 5220315 255
187 318 5220332 255
184 337 5220348 255
181 357 5220365 255
180 364 5220381 255
179 369 5220398 255
179 370 5220414 255
182 362 5220447 255
188 351 5220463 255
210 342 5220480 255
229 340 5220496 255
269 340 5220513 255
282 341 5220529 255
307 350 5220545 255
324 361 5220562 255
330 372 5220578 255
329 388 5220595 255
309 410 5220611 255
294 425 5220628 255
264 442 5220644 255
244 456 5220660 255
213 456 5220677 255
197 448 5220713 255
