31
173 210 5223521 255
173 215 5223585 255
176 216 5223601 255
179 217 5223618 255
185 218 5223634 255
205 219 5223651 255
226 220 5223667 255
260 222 5223683 255
280 222 5223700 255
317 226 5223716 255
330 227 5223733 255
338 229 5223749 255
344 231 5223766 255
345 235 5223782 255
343 249 5223798 255
326 272 5223815 255
295 306 5223831 255
268 334 5223848 255
240 369 5223864 255
211 404 5223881 255
196 419 5223897 255
189 430 5223913 255
186 437 5223930 255
185 441 5223946 255
185 442 5223976 255
198 321 5224140 255
205 323 5224160 255
220 325 5224176 255
251 329 5224193 255
288 334 5224209 255
323 339 5224245 255
