35
186 207 4966428 255
186 207 4966471 255
186 207 4966480 255
186 226 4966521 255
182 250 4966537 255
180 273 4966553 255
176 297 4966570 255
175 308 4966586 255
175 317 4966603 255
175 321 4966619 255
180 323 4966636 255
182 324 4966652 255
196 325 4966668 255
219 328 4966685 255
241 332 4966701 255
270 335 4966718 255
281 336 4966734 255
291 333 4966751 255
298 328 4966767 255
302 317 4966783 255
303 292 4966800 255
298 273 4966816 255
296 261 4966833 255
294 253 4966849 255
294 252 4966866 255
293 260 4966898 255
293 287 4966915 255
294 335 4966931 255
294 387 4966948 255
291 431 4966964 255
288 460 4966981 255
284 480 4966997 255
282 488 4967013 255
281 492 4967030 255
280 492 4967069 255
