37
143 318 5213192 255
152 320 5213251 255
164 320 5213267 255
175 316 5213284 255
187 303 5213300 255
200 284 5213317 255
218 259 5213333 255
230 231 5213350 255
234 210 5213366 255
237 186 5213382 255
239 176 5213399 255
240 172 5213415 255
241 169 5213432 255
241 168 5213448 255
241 167 5213458 255
241 176 5213481 255
239 203 5213497 255
236 238 5213514 255
234 281 5213530 255
233 323 5213547 255
232 359 5213563 255
226 393 5213580 255
209 428 5213596 255
195 456 5213612 255
187 473 5213629 255
167 489 5213645 255
150 498 5213662 255
139 499 5213678 255
117 495 5213695 255
107 490 5213711 255
104 487 5213727 255
117 482 5213744 255
130 477 5213760 255
178 462 5213777 255
224 448 5213793 255
269 441 5213810 255
317 438 5213853 255
