43
132 161 45644592 255
141 157 45644648 255
149 155 45644664 255
166 154 45644680 255
181 151 45644696 255
197 150 45644712 255
218 147 45644728 255
231 144 45644744 255
241 140 45644760 255
247 137 45644776 255
252 137 45644792 255
255 137 45644812 255
257 136 45644828 255
256 139 45644844 255
256 144 45644860 255
253 150 45644876 255
250 161 45644892 255
248 171 45644908 255
244 195 45644928 255
242 209 45644944 255
238 237 45644960 255
235 257 45644976 255
233 276 45644992 255
231 301 45645008 255
230 315 45645024 255
228 331 45645040 255
225 356 45645056 255
224 366 45645072 255
222 372 45645088 255
221 376 45645108 255
219 379 45645124 255
219 380 45645148 255
300 235 45645296 255
287 231 45645368 255
271 231 45645384 255
256 233 45645400 255
241 236 45645420 255
212 242 45645436 255
190 245 45645452 255
166 246 45645468 255
153 247 45645484 255
142 247 45645500 255
136 244 45645532 255
