33
203 152 45662644 255
195 143 45662676 255
192 141 45662692 255
178 143 45662708 255
159 151 45662724 255
148 161 45662740 255
141 171 45662760 255
134 185 45662776 255
129 206 45662792 255
127 220 45662808 255
126 237 45662824 255
126 259 45662840 255
132 273 45662856 255
139 291 45662872 255
146 304 45662888 255
158 314 45662904 255
172 319 45662920 255
186 322 45662940 255
205 324 45662956 255
221 319 45662972 255
238 304 45662988 255
248 287 45663004 255
255 265 45663020 255
257 239 45663036 255
255 216 45663056 255
251 191 45663072 255
247 176 45663088 255
242 167 45663104 255
226 144 45663120 255
205 128 45663136 255
192 121 45663152 255
184 118 45663168 255
181 117 45663196 255
