41
295 78 45881548 255
283 73 45881576 255
262 71 45881592 255
244 72 45881608 255
216 78 45881624 255
199 92 45881640 255
193 104 45881656 255
191 112 45881672 255
196 125 45881688 255
212 148 45881708 255
227 165 45881724 255
244 193 45881740 255
269 227 45881756 255
285 259 45881772 255
292 282 45881788 255
295 307 45881804 255
295 333 45881824 255
291 359 45881840 255
287 369 45881856 255
283 373 45881872 255
272 375 45881888 255
260 371 45881904 255
249 359 45881920 255
241 341 45881936 255
233 312 45881952 255
232 284 45881968 255
234 264 45881984 255
242 240 45882000 255
254 223 45882020 255
276 203 45882036 255
291 183 45882052 255
303 167 45882068 255
324 140 45882084 255
331 121 45882100 255
334 99 45882116 255
334 87 45882136 255
329 79 45882152 255
324 75 45882168 255
317 72 45882184 255
312 71 45882200 255
308 71 45882228 255
