39
176 94 45849144 255
184 89 45849188 255
189 87 45849208 255
213 88 45849224 255
240 98 45849240 255
262 107 45849256 255
273 116 45849272 255
280 124 45849288 255
281 137 45849304 255
278 151 45849320 255
270 159 45849336 255
256 168 45849352 255
244 177 45849368 255
233 186 45849384 255
221 194 45849404 255
213 201 45849420 255
211 205 45849436 255
211 209 45849452 255
220 212 45849468 255
227 216 45849484 255
237 223 45849500 255
249 235 45849520 255
261 250 45849536 255
273 265 45849552 255
283 287 45849568 255
291 315 45849584 255
294 336 45849600 255
295 355 45849616 255
293 367 45849632 255
288 375 45849648 255
275 384 45849664 255
256 392 45849680 255
226 396 45849700 255
196 389 45849716 255
173 379 45849732 255
156 370 45849748 255
147 359 45849764 255
142 345 45849780 255
139 330 45849816 255
