41
291 124 45675528 255
267 114 45675588 255
242 109 45675604 255
215 107 45675624 255
199 108 45675640 255
189 112 45675656 255
182 119 45675672 255
179 130 45675688 255
179 151 45675704 255
185 166 45675720 255
199 201 45675736 255
220 221 45675752 255
238 250 45675768 255
245 266 45675784 255
256 288 45675804 255
262 314 45675820 255
263 339 45675836 255
260 363 45675852 255
255 374 45675868 255
250 381 45675884 255
245 384 45675900 255
240 385 45675920 255
223 377 45675936 255
202 350 45675952 255
195 321 45675968 255
194 298 45675984 255
198 280 45676000 255
211 265 45676016 255
230 239 45676032 255
241 225 45676048 255
262 205 45676064 255
278 187 45676080 255
288 174 45676096 255
296 163 45676116 255
306 129 45676132 255
308 115 45676148 255
308 103 45676164 255
308 97 45676180 255
305 90 45676196 255
304 88 45676212 255
302 87 45676248 255
