46
155 113 45636464 255
166 110 45636512 255
171 108 45636532 255
177 106 45636548 255
184 105 45636564 255
191 106 45636580 255
201 108 45636596 255
216 112 45636612 255
227 118 45636628 255
237 128 45636648 255
247 147 45636664 255
252 160 45636680 255
254 171 45636696 255
252 190 45636712 255
247 200 45636728 255
240 209 45636744 255
229 215 45636760 255
214 221 45636776 255
202 224 45636792 255
195 227 45636808 255
190 229 45636824 255
188 229 45636844 255
187 229 45636856 255
192 228 45636892 255
200 227 45636908 255
213 230 45636924 255
224 233 45636940 255
234 240 45636960 255
242 250 45636976 255
248 261 45636992 255
253 273 45637008 255
256 286 45637024 255
256 302 45637040 255
254 316 45637056 255
250 327 45637072 255
245 336 45637088 255
238 348 45637104 255
224 357 45637120 255
206 361 45637136 255
184 362 45637156 255
156 350 45637172 255
122 329 45637188 255
100 315 45637204 255
90 303 45637220 255
84 288 45637236 255
84 277 45637264 255
