40
156 149 45873900 255
165 144 45873952 255
169 143 45873968 255
180 140 45873984 255
195 141 45874000 255
217 149 45874016 255
228 154 45874032 255
237 162 45874052 255
241 169 45874068 255
243 179 45874084 255
241 193 45874100 255
237 205 45874116 255
231 213 45874132 255
222 218 45874148 255
214 221 45874168 255
206 223 45874184 255
203 225 45874200 255
201 226 45874216 255
201 228 45874232 255
208 232 45874248 255
219 238 45874264 255
231 246 45874280 255
242 256 45874296 255
255 266 45874312 255
266 273 45874328 255
275 284 45874344 255
281 305 45874364 255
284 317 45874380 255
284 329 45874396 255
279 342 45874412 255
268 358 45874428 255
257 367 45874444 255
243 373 45874460 255
223 376 45874480 255
202 376 45874496 255
180 369 45874512 255
154 355 45874528 255
138 336 45874544 255
115 297 45874560 255
104 279 45874588 255
