28
258 204 45869828 255
253 197 45869860 255
249 192 45869872 255
243 188 45869896 255
223 187 45869912 255
204 201 45869928 255
195 213 45869944 255
188 231 45869960 255
182 256 45869976 255
178 291 45869992 255
178 333 45870008 255
182 360 45870024 255
191 377 45870040 255
210 386 45870056 255
228 388 45870076 255
243 385 45870092 255
268 373 45870108 255
288 343 45870124 255
296 321 45870140 255
299 290 45870156 255
299 274 45870176 255
293 257 45870192 255
286 234 45870208 255
273 213 45870224 255
258 186 45870240 255
253 181 45870256 255
250 178 45870272 255
248 178 45870304 255
