37
140 66 262758448 255
134 64 262758480 255
130 64 262758496 255
123 63 262758512 255
116 63 262758528 255
104 64 262758544 255
99 66 262758560 255
94 70 262758560 255
90 74 262758576 255
82 82 262758592 255
81 86 262758608 255
82 94 262758624 255
85 101 262758656 255
92 101 262758672 255
103 98 262758688 255
109 96 262758704 255
124 92 262758720 255
129 90 262758736 255
134 88 262758736 255
141 87 262758752 255
143 88 262758768 255
145 89 262758784 255
147 92 262758800 255
147 94 262758816 255
148 100 262758832 255
148 105 262758832 255
148 116 262758864 255
147 125 262758864 255
145 152 262758896 255
144 168 262758896 255
143 176 262758912 255
143 182 262758928 255
142 196 262758944 255
142 201 262758960 255
142 207 262758976 255
142 209 262758992 255
143 209 262759024 255
