32
98 60 262776368 255
92 65 262776448 255
91 71 262776464 255
88 82 262776480 255
84 90 262776496 255
72 108 262776512 255
69 113 262776528 255
67 116 262776544 255
65 119 262776544 255
64 124 262776576 255
71 129 262776592 255
75 130 262776608 255
79 130 262776608 255
95 128 262776640 255
107 125 262776656 255
113 124 262776672 255
125 122 262776688 255
130 121 262776704 255
136 121 262776720 255
139 122 262776736 255
139 122 262776752 255
135 131 262776784 255
132 137 262776784 255
125 158 262776800 255
121 181 262776832 255
119 193 262776848 255
118 205 262776864 255
118 209 262776880 255
117 221 262776896 255
117 230 262776912 255
117 233 262776928 255
118 237 262776976 255
