33
58 84 263164080 255
59 88 263164112 255
64 89 263164128 255
77 99 263164144 255
89 107 263164144 255
125 147 263164176 255
134 154 263164192 255
139 168 263164192 255
142 177 263164208 255
140 196 263164224 255
133 203 263164240 255
124 211 263164256 255
118 213 263164272 255
111 214 263164288 255
104 214 263164288 255
95 208 263164320 255
92 203 263164320 255
89 183 263164352 255
106 145 263164368 255
114 131 263164384 255
131 106 263164400 255
139 98 263164416 255
144 83 263164432 255
145 79 263164448 255
146 75 263164464 255
145 72 263164464 255
139 70 263164480 255
134 68 263164496 255
128 67 263164496 255
111 65 263164528 255
104 65 263164528 255
97 64 263164544 255
89 65 263164576 255
