34
59 113 263180048 255
59 109 263180080 255
65 106 263180096 255
71 103 263180112 255
89 98 263180128 255
97 97 263180144 255
112 95 263180144 255
124 94 263180160 255
137 94 263180176 255
144 95 263180192 255
150 106 263180224 255
151 111 263180224 255
151 119 263180240 255
150 132 263180256 255
129 170 263180272 255
123 178 263180288 255
107 197 263180304 255
97 207 263180320 255
93 212 263180320 255
90 219 263180336 255
86 229 263180352 255
85 233 263180368 255
84 238 263180384 255
89 240 263180400 255
96 238 263180416 255
114 231 263180448 255
129 226 263180448 255
164 217 263180480 255
171 216 263180480 255
176 214 263180496 255
182 213 263180512 255
187 211 263180512 255
190 208 263180528 255
191 204 263180560 255
