34
150 53 262785184 255
144 53 262785248 255
138 53 262785248 255
128 54 262785280 255
119 55 262785280 255
106 58 262785312 255
97 60 262785328 255
94 61 262785344 255
91 63 262785360 255
90 64 262785376 255
93 66 262785392 255
99 66 262785408 255
104 66 262785408 255
114 65 262785440 255
121 65 262785440 255
128 65 262785456 255
137 65 262785472 255
140 65 262785488 255
142 67 262785504 255
144 70 262785520 255
146 79 262785536 255
146 84 262785536 255
146 101 262785568 255
145 108 262785584 255
144 126 262785584 255
143 138 262785600 255
141 157 262785616 255
140 165 262785632 255
140 174 262785648 255
141 178 262785664 255
141 181 262785680 255
141 184 262785680 255
141 192 262785712 255
142 195 262785744 255
