33
248 147 2989523 255
242 140 2989557 255
236 139 2989574 255
223 140 2989590 255
206 144 2989606 255
196 149 2989623 255
190 158 2989639 255
188 169 2989656 255
192 184 2989672 255
204 199 2989689 255
222 212 2989705 255
235 221 2989721 255
257 249 2989738 255
275 270 2989754 255
285 298 2989771 255
286 319 2989787 255
279 341 2989804 255
258 365 2989820 255
244 374 2989836 255
219 383 2989853 255
198 386 2989869 255
173 382 2989886 255
153 361 2989902 255
152 325 2989919 255
174 269 2989936 255
196 222 2989951 255
227 187 2989968 255
243 166 2989984 255
253 152 2990001 255
254 139 2990017 255
250 130 2990034 255
245 123 2990050 255
244 122 2990074 255
