32
91 129 222980752 255
90 125 222980800 255
90 123 222980816 255
97 117 222980832 255
104 108 222980848 255
107 105 222980864 255
109 101 222980880 255
111 97 222980896 255
113 93 222980896 255
115 85 222980928 255
116 83 222980928 255
117 84 222980960 255
117 85 222980960 255
118 90 222980992 255
119 103 222981008 255
119 109 222981024 255
119 126 222981040 255
120 135 222981056 255
119 141 222981056 255
119 146 222981072 255
118 158 222981088 255
116 163 222981104 255
107 171 222981120 255
103 173 222981136 255
100 173 222981152 255
99 172 222981152 255
103 168 222981184 255
107 166 222981184 255
121 163 222981216 255
129 163 222981216 255
138 164 222981232 255
148 166 222981264 255
