41
88 157 222951216 255
91 153 222951296 255
94 150 222951296 255
102 141 222951328 255
105 137 222951328 255
110 130 222951360 255
114 119 222951376 255
115 113 222951392 255
118 105 222951408 255
119 102 222951424 255
121 98 222951440 255
121 96 222951456 255
122 96 222951472 255
122 96 222951488 255
122 103 222951520 255
122 108 222951520 255
123 117 222951552 255
123 124 222951552 255
125 136 222951584 255
127 141 222951584 255
132 149 222951616 255
134 154 222951616 255
135 160 222951632 255
135 165 222951648 255
132 172 222951664 255
130 175 222951680 255
126 179 222951696 255
125 180 222951712 255
124 181 222951728 255
123 182 222951728 255
121 183 222951760 255
120 184 222951760 255
119 184 222951792 255
118 184 222951792 255
119 184 222951824 255
121 184 222951840 255
133 184 222951856 255
139 184 222951872 255
154 184 222951888 255
165 185 222951920 255
169 184 222951952 255
