32
84 94 222577616 255
85 89 222577680 255
88 88 222577696 255
100 83 222577712 255
106 81 222577728 255
123 80 222577744 255
129 82 222577760 255
134 83 222577776 255
139 85 222577776 255
144 88 222577808 255
145 89 222577808 255
142 92 222577840 255
137 93 222577840 255
133 95 222577856 255
129 96 222577872 255
124 100 222577888 255
123 102 222577904 255
121 107 222577920 255
123 110 222577936 255
133 116 222577952 255
138 118 222577968 255
151 125 222577984 255
158 132 222578000 255
165 144 222578016 255
162 147 222578032 255
156 154 222578048 255
150 158 222578064 255
133 167 222578080 255
108 169 222578096 255
101 167 222578112 255
83 162 222578144 255
78 159 222578176 255
