30
121 99 222576208 255
118 95 222576272 255
117 95 222576272 255
117 93 222576304 255
118 92 222576304 255
126 90 222576336 255
131 89 222576336 255
136 88 222576352 255
140 88 222576368 255
151 89 222576384 255
157 90 222576400 255
166 91 222576416 255
169 92 222576432 255
171 94 222576432 255
169 100 222576448 255
161 111 222576464 255
157 115 222576480 255
137 138 222576496 255
128 146 222576512 255
125 148 222576544 255
122 151 222576560 255
121 152 222576576 255
123 154 222576592 255
129 155 222576608 255
134 156 222576608 255
141 156 222576624 255
150 156 222576624 255
157 156 222576640 255
164 156 222576656 255
175 156 222576704 255
