34
128 58 222984592 255
123 60 222984672 255
122 63 222984688 255
119 76 222984704 255
109 88 222984736 255
103 95 222984736 255
100 99 222984752 255
98 101 222984768 255
97 105 222984768 255
104 110 222984800 255
107 111 222984800 255
120 114 222984832 255
127 114 222984832 255
141 113 222984864 255
155 109 222984880 255
160 106 222984896 255
167 102 222984912 255
169 101 222984928 255
170 99 222984944 255
171 98 222984944 255
170 96 222984976 255
169 96 222984976 255
168 95 222985008 255
167 95 222985008 255
166 96 222985024 255
167 98 222985040 255
169 107 222985056 255
169 112 222985072 255
171 120 222985088 255
173 131 222985120 255
174 136 222985120 255
175 143 222985152 255
175 148 222985168 255
176 151 222985200 255
