36
101 81 222546032 255
97 76 222546080 255
97 75 222546096 255
100 71 222546112 255
105 68 222546144 255
108 67 222546144 255
111 66 222546160 255
118 64 222546176 255
122 63 222546192 255
127 63 222546208 255
135 63 222546224 255
138 63 222546240 255
141 63 222546256 255
143 64 222546256 255
146 65 222546288 255
147 68 222546288 255
148 77 222546320 255
148 82 222546320 255
146 87 222546336 255
142 95 222546352 255
129 112 222546368 255
122 118 222546384 255
109 130 222546400 255
103 137 222546416 255
100 140 222546416 255
98 142 222546432 255
95 147 222546448 255
94 148 222546464 255
99 150 222546496 255
109 151 222546512 255
118 151 222546528 255
133 151 222546544 255
143 151 222546560 255
152 150 222546560 255
159 148 222546576 255
174 144 222546624 255
