36
74 155 499193 255
76 151 499221 255
76 149 499232 255
78 143 499253 255
79 141 499260 255
83 130 499286 255
84 125 499297 255
88 120 499308 255
94 116 499319 255
103 112 499340 255
107 112 499351 255
115 121 499368 255
123 128 499384 255
135 155 499405 255
127 184 499427 255
122 193 499438 255
108 212 499460 255
98 219 499477 255
94 220 499492 255
90 223 499514 255
89 223 499525 255
87 223 499546 255
87 223 499557 255
87 221 499579 255
87 220 499585 255
87 220 499601 255
88 219 499612 255
94 220 499633 255
99 221 499644 255
107 223 499666 255
110 224 499677 255
114 224 499687 255
120 225 499694 255
133 226 499720 255
137 226 499731 255
149 223 499775 255
