27
170 125 864840 255
165 124 864872 255
161 123 864883 255
155 123 864905 255
148 123 864916 255
134 127 864937 255
128 129 864944 255
104 146 864970 255
88 179 864991 255
85 187 865002 255
84 212 865024 255
85 218 865035 255
86 225 865046 255
96 237 865052 255
110 246 865078 255
116 245 865089 255
123 242 865100 255
131 238 865111 255
140 226 865132 255
142 218 865143 255
138 209 865161 255
133 206 865176 255
129 204 865187 255
125 203 865197 255
112 209 865219 255
106 212 865230 255
99 219 865276 255
