31
68 179 472678 255
65 175 472702 255
66 174 472717 255
69 172 472728 255
75 170 472750 255
79 168 472761 255
82 162 472772 255
86 156 472782 255
99 144 472804 255
105 131 472811 255
111 116 472837 255
112 113 472848 255
113 111 472858 255
113 109 472869 255
114 105 472891 255
114 105 472902 255
115 104 472919 255
115 104 472934 255
115 104 472945 255
115 105 472956 255
115 116 472978 255
115 125 472989 255
116 150 473010 255
117 187 473027 255
117 203 473043 255
117 215 473065 255
117 218 473075 255
117 222 473097 255
118 223 473108 255
118 225 473130 255
118 225 473163 255
