37
75 154 882309 255
74 150 882347 255
76 147 882358 255
79 141 882380 255
81 138 882391 255
87 125 882412 255
94 121 882419 255
104 114 882445 255
115 112 882467 255
128 118 882488 255
134 124 882499 255
141 142 882521 255
142 150 882527 255
131 161 882553 255
125 168 882575 255
122 171 882586 255
114 175 882608 255
110 176 882618 255
107 177 882636 255
108 178 882651 255
110 178 882662 255
112 179 882673 255
118 183 882694 255
125 186 882705 255
134 194 882727 255
141 210 882744 255
143 216 882759 255
135 227 882781 255
129 231 882792 255
118 236 882813 255
110 236 882824 255
104 235 882835 255
94 233 882852 255
91 232 882868 255
88 232 882879 255
85 230 882900 255
85 227 882934 255
