25
253 215 44082032 255
234 214 44082080 255
204 223 44082096 255
163 255 44082112 255
147 277 44082128 255
144 297 44082144 255
155 313 44082160 255
181 324 44082176 255
223 338 44082192 255
262 357 44082208 255
287 374 44082228 255
304 400 44082244 255
302 425 44082260 255
270 464 44082276 255
242 477 44082292 255
202 477 44082308 255
181 450 44082324 255
181 404 44082344 255
191 358 44082360 255
229 297 44082376 255
260 256 44082392 255
282 231 44082408 255
290 221 44082424 255
292 215 44082440 255
293 214 44082472 255
