44
293 147 43849544 255
293 147 43849576 255
286 142 43849592 255
275 141 43849608 255
257 141 43849628 255
240 146 43849644 255
219 154 43849660 255
209 159 43849676 255
204 164 43849692 255
203 169 43849708 255
207 176 43849724 255
220 194 43849744 255
234 206 43849760 255
260 212 43849776 255
283 202 43849792 255
298 186 43849808 255
308 178 43849824 255
313 172 43849840 255
313 169 43849856 255
311 167 43849872 255
308 166 43849888 255
307 165 43849904 255
307 165 43849908 255
313 172 43849956 255
316 179 43849972 255
320 190 43849988 255
326 207 43850004 255
330 227 43850020 255
332 253 43850036 255
333 275 43850056 255
329 301 43850072 255
325 325 43850088 255
312 351 43850104 255
301 370 43850120 255
289 389 43850136 255
269 409 43850152 255
254 418 43850168 255
240 422 43850184 255
219 425 43850200 255
204 423 43850216 255
195 422 43850236 255
189 421 43850252 255
186 420 43850268 255
185 420 43850296 255
