42
160 100 43867040 255
174 94 43867084 255
183 94 43867100 255
197 97 43867116 255
209 101 43867132 255
220 107 43867152 255
227 113 43867168 255
233 119 43867184 255
239 131 43867200 255
243 141 43867216 255
245 153 43867232 255
245 162 43867248 255
239 172 43867264 255
226 188 43867280 255
211 203 43867296 255
201 211 43867312 255
194 217 43867328 255
188 222 43867348 255
181 225 43867364 255
174 227 43867380 255
170 228 43867396 255
168 228 43867404 255
181 226 43867444 255
194 225 43867464 255
215 226 43867480 255
230 231 43867496 255
242 242 43867512 255
249 260 43867528 255
254 275 43867544 255
261 292 43867560 255
268 318 43867576 255
268 334 43867592 255
261 348 43867608 255
250 366 43867624 255
224 387 43867644 255
197 409 43867660 255
169 422 43867676 255
152 424 43867692 255
138 424 43867708 255
131 413 43867724 255
130 408 43867740 255
130 405 43867776 255
