42
128 168 43837436 255
138 155 43837488 255
154 144 43837504 255
172 136 43837520 255
185 132 43837536 255
199 130 43837552 255
214 132 43837568 255
229 141 43837584 255
238 151 43837600 255
243 161 43837616 255
245 183 43837632 255
239 208 43837648 255
234 223 43837664 255
223 237 43837684 255
205 254 43837700 255
192 264 43837716 255
180 271 43837732 255
171 273 43837748 255
168 274 43837764 255
168 272 43837780 255
172 271 43837800 255
177 269 43837816 255
185 267 43837832 255
201 265 43837848 255
219 269 43837864 255
233 274 43837880 255
245 282 43837896 255
254 294 43837912 255
265 312 43837928 255
272 327 43837944 255
274 355 43837960 255
261 375 43837976 255
244 407 43837996 255
227 429 43838012 255
202 455 43838028 255
189 468 43838044 255
165 477 43838060 255
146 482 43838076 255
130 483 43838092 255
116 484 43838112 255
110 483 43838128 255
109 481 43838160 255
