56
286 121 43842280 255
267 121 43842332 255
255 121 43842348 255
241 123 43842364 255
220 123 43842380 255
206 122 43842400 255
197 120 43842416 255
190 119 43842432 255
183 119 43842448 255
177 118 43842464 255
168 118 43842480 255
161 118 43842496 255
156 119 43842512 255
154 120 43842528 255
154 123 43842544 255
159 131 43842560 255
162 150 43842580 255
162 168 43842596 255
162 198 43842612 255
159 215 43842628 255
157 227 43842644 255
156 241 43842660 255
155 253 43842680 255
155 258 43842696 255
155 263 43842712 255
155 265 43842728 255
155 266 43842744 255
161 261 43842760 255
169 256 43842776 255
176 253 43842792 255
186 251 43842808 255
202 250 43842824 255
223 250 43842840 255
244 258 43842856 255
261 263 43842872 255
273 267 43842892 255
282 274 43842908 255
290 288 43842924 255
296 308 43842940 255
298 322 43842956 255
298 334 43842972 255
292 348 43842988 255
282 364 43843008 255
257 389 43843024 255
243 414 43843040 255
229 426 43843056 255
209 435 43843072 255
195 441 43843088 255
184 442 43843104 255
169 440 43843120 255
152 436 43843136 255
139 432 43843152 255
128 426 43843168 255
121 422 43843184 255
120 419 43843204 255
120 419 43843236 255
