26
301 152 44079320 255
292 152 44079352 255
268 160 44079368 255
247 168 44079384 255
214 192 44079400 255
193 216 44079416 255
171 245 44079432 255
159 266 44079448 255
151 289 44079464 255
150 314 44079484 255
158 335 44079500 255
174 356 44079516 255
188 369 44079532 255
216 378 44079548 255
238 379 44079564 255
264 374 44079580 255
283 360 44079600 255
290 342 44079616 255
287 323 44079632 255
268 307 44079648 255
245 300 44079664 255
208 305 44079680 255
169 325 44079696 255
142 349 44079712 255
131 370 44079728 255
128 379 44079756 255
