38
288 169 963369 255
275 169 963425 255
265 171 963441 255
255 174 963458 255
244 179 963474 255
230 191 963490 255
213 210 963507 255
199 230 963523 255
186 258 963540 255
178 283 963556 255
171 314 963573 255
170 335 963589 255
171 366 963605 255
178 394 963622 255
184 408 963638 255
191 419 963655 255
199 423 963671 255
211 427 963688 255
223 428 963704 255
235 429 963720 255
249 429 963737 255
261 423 963753 255
272 414 963770 255
280 397 963786 255
281 384 963803 255
281 373 963819 255
276 354 963835 255
264 339 963852 255
252 330 963868 255
240 324 963885 255
217 322 963901 255
199 321 963918 255
175 327 963934 255
160 332 963950 255
145 346 963967 255
137 363 963983 255
135 371 964000 255
135 379 964031 255
