27
228 180 1250053 255
216 187 1250081 255
207 198 1250097 255
200 210 1250114 255
189 234 1250130 255
182 264 1250147 255
181 292 1250163 255
181 309 1250180 255
187 321 1250196 255
197 332 1250212 255
219 345 1250229 255
237 351 1250245 255
270 353 1250262 255
295 344 1250278 255
323 332 1250295 255
336 318 1250311 255
345 287 1250327 255
347 256 1250344 255
344 229 1250360 255
338 198 1250377 255
320 181 1250393 255
302 169 1250410 255
276 164 1250426 255
252 165 1250442 255
217 174 1250459 255
192 195 1250475 255
162 241 1250516 255
