44
223 234 928267 255
214 237 928316 255
210 239 928332 255
204 248 928349 255
199 256 928365 255
194 263 928381 255
189 271 928398 255
185 283 928414 255
182 301 928431 255
181 313 928447 255
180 323 928464 255
180 336 928480 255
180 348 928496 255
184 359 928513 255
187 365 928529 255
192 370 928546 255
197 374 928562 255
207 377 928579 255
215 380 928595 255
223 382 928611 255
229 384 928628 255
235 382 928644 255
241 380 928661 255
248 376 928677 255
261 370 928694 255
275 361 928710 255
286 341 928726 255
296 327 928743 255
306 305 928759 255
314 288 928776 255
316 280 928792 255
316 267 928809 255
310 254 928825 255
304 243 928841 255
298 236 928858 255
290 229 928874 255
277 224 928891 255
258 222 928907 255
235 223 928924 255
208 228 928940 255
183 245 928956 255
165 264 928973 255
159 274 928989 255
157 303 929019 255
