36
133 172 932731 255
165 161 932768 255
191 154 932784 255
223 144 932801 255
248 148 932817 255
270 154 932834 255
282 160 932850 255
289 168 932867 255
291 194 932883 255
284 234 932899 255
267 262 932916 255
244 283 932932 255
216 303 932949 255
196 313 932965 255
180 319 932982 255
167 322 932998 255
162 324 933014 255
170 323 933047 255
180 324 933064 255
204 326 933080 255
229 332 933097 255
259 340 933113 255
284 362 933129 255
295 374 933146 255
300 385 933162 255
300 397 933179 255
294 411 933195 255
285 420 933212 255
264 433 933228 255
247 442 933244 255
218 453 933261 255
194 463 933277 255
172 463 933294 255
160 459 933310 255
152 457 933327 255
149 452 933357 255
