31
116 138 964895 255
127 138 964936 255
148 132 964953 255
177 130 964969 255
206 134 964985 255
225 135 965002 255
239 135 965018 255
249 137 965035 255
257 143 965051 255
261 152 965068 255
261 161 965084 255
257 181 965100 255
248 217 965117 255
238 262 965133 255
225 318 965150 255
205 371 965166 255
198 408 965183 255
194 436 965199 255
193 453 965215 255
192 469 965232 255
194 478 965248 255
198 481 965265 255
202 482 965281 255
204 482 965307 255
138 325 965466 255
162 324 965511 255
201 323 965528 255
248 322 965544 255
281 320 965560 255
313 319 965577 255
329 319 965611 255
