34
165 216 1254764 255
169 209 1254813 255
180 198 1254829 255
216 175 1254845 255
242 165 1254862 255
271 158 1254878 255
289 157 1254895 255
310 161 1254911 255
323 165 1254928 255
329 169 1254944 255
331 175 1254960 255
320 189 1254977 255
297 214 1254993 255
255 253 1255010 255
242 263 1255026 255
217 277 1255043 255
203 287 1255059 255
198 291 1255075 255
199 298 1255092 255
213 307 1255108 255
240 318 1255125 255
271 328 1255141 255
290 339 1255158 255
307 354 1255174 255
314 364 1255190 255
313 370 1255207 255
306 378 1255223 255
292 389 1255240 255
261 399 1255256 255
230 404 1255273 255
199 399 1255289 255
168 388 1255305 255
152 379 1255322 255
138 348 1255359 255
