37
266 78 1906232 255
256 78 1906272 255
251 79 1906288 255
243 89 1906304 255
219 104 1906321 255
200 117 1906337 255
190 128 1906354 255
184 137 1906370 255
180 147 1906387 255
180 154 1906403 255
183 162 1906419 255
194 187 1906436 255
218 212 1906452 255
235 223 1906469 255
246 230 1906485 255
259 230 1906502 255
273 224 1906518 255
284 210 1906534 255
290 190 1906551 255
292 175 1906567 255
294 154 1906584 255
295 138 1906600 255
296 131 1906617 255
296 127 1906633 255
296 124 1906649 255
296 123 1906666 255
296 123 1906682 255
296 126 1906699 255
296 133 1906715 255
297 144 1906732 255
297 159 1906748 255
293 198 1906764 255
292 233 1906781 255
295 267 1906797 255
302 290 1906814 255
321 314 1906830 255
332 322 1906865 255
