31
245 123 1872132 255
238 130 1872172 255
217 154 1872189 255
197 177 1872205 255
181 212 1872222 255
167 225 1872238 255
156 239 1872254 255
150 252 1872271 255
148 259 1872287 255
148 267 1872304 255
162 289 1872320 255
181 319 1872337 255
196 336 1872353 255
217 348 1872369 255
229 356 1872386 255
237 358 1872402 255
249 352 1872419 255
272 336 1872435 255
283 321 1872452 255
289 294 1872468 255
290 285 1872484 255
284 277 1872501 255
267 271 1872517 255
248 268 1872534 255
222 267 1872550 255
203 268 1872567 255
193 273 1872583 255
185 280 1872599 255
180 289 1872616 255
180 297 1872632 255
180 303 1872667 255
