54
331 139 1664264 255
323 136 1664332 255
320 134 1664348 255
315 133 1664365 255
307 131 1664381 255
301 131 1664398 255
293 131 1664414 255
283 131 1664431 255
269 131 1664447 255
258 133 1664463 255
247 140 1664480 255
238 149 1664496 255
228 154 1664513 255
217 161 1664529 255
208 166 1664546 255
203 170 1664562 255
199 175 1664578 255
196 183 1664595 255
195 196 1664611 255
195 204 1664628 255
195 210 1664644 255
201 217 1664661 255
219 228 1664677 255
235 243 1664693 255
246 252 1664710 255
264 252 1664726 255
277 248 1664743 255
285 240 1664759 255
289 234 1664776 255
292 225 1664792 255
295 211 1664808 255
297 194 1664825 255
299 183 1664841 255
302 172 1664858 255
306 165 1664874 255
309 161 1664891 255
311 158 1664907 255
313 157 1664923 255
316 155 1664940 255
319 155 1664956 255
320 154 1664973 255
321 159 1664989 255
321 163 1665006 255
321 168 1665022 255
319 174 1665038 255
318 202 1665055 255
320 226 1665071 255
325 267 1665088 255
330 294 1665104 255
331 311 1665121 255
333 323 1665137 255
334 330 1665153 255
335 335 1665170 255
335 337 1665199 255
