65
372 209 1623610 255
364 209 1623659 255
362 206 1623675 255
357 205 1623692 255
348 201 1623708 255
325 198 1623725 255
305 196 1623741 255
273 188 1623757 255
253 186 1623774 255
233 181 1623790 255
215 180 1623807 255
205 178 1623823 255
200 178 1623840 255
197 178 1623856 255
196 178 1623872 255
195 178 1623889 255
195 178 1623905 255
195 182 1623938 255
195 187 1623955 255
195 192 1623971 255
195 198 1623987 255
195 205 1624004 255
195 213 1624020 255
195 225 1624037 255
195 243 1624053 255
195 257 1624070 255
195 266 1624086 255
194 274 1624102 255
194 278 1624119 255
193 280 1624135 255
193 281 1624147 255
193 282 1624185 255
196 282 1624201 255
201 282 1624217 255
209 281 1624234 255
222 284 1624250 255
232 288 1624267 255
251 302 1624283 255
269 311 1624300 255
282 317 1624316 255
292 321 1624332 255
311 329 1624349 255
324 335 1624365 255
331 344 1624382 255
334 350 1624398 255
335 359 1624415 255
337 363 1624431 255
337 366 1624447 255
334 368 1624464 255
327 371 1624480 255
317 374 1624497 255
308 374 1624513 255
303 374 1624530 255
295 375 1624546 255
268 375 1624562 255
250 373 1624579 255
222 370 1624595 255
200 370 1624612 255
183 370 1624628 255
171 370 1624645 255
167 369 1624661 255
165 367 1624677 255
171 364 1624694 255
179 359 1624710 255
181 357 1624735 255
