35
220 96 1868280 255
220 103 1868344 255
211 121 1868361 255
199 152 1868377 255
191 181 1868394 255
184 199 1868410 255
179 214 1868426 255
176 225 1868443 255
176 229 1868459 255
175 231 1868476 255
177 233 1868492 255
182 235 1868509 255
191 236 1868525 255
209 236 1868541 255
226 233 1868558 255
238 229 1868574 255
250 225 1868591 255
261 214 1868607 255
277 194 1868624 255
285 179 1868640 255
291 168 1868656 255
294 159 1868673 255
297 155 1868689 255
299 153 1868706 255
300 155 1868722 255
300 159 1868739 255
300 163 1868755 255
297 181 1868771 255
293 217 1868788 255
290 264 1868804 255
290 322 1868821 255
292 363 1868837 255
294 376 1868854 255
296 388 1868870 255
297 397 1868902 255
