64
347 171 1626079 255
335 173 1626172 255
323 174 1626189 255
311 175 1626205 255
300 180 1626222 255
290 185 1626238 255
277 192 1626255 255
261 202 1626271 255
249 212 1626287 255
241 218 1626304 255
233 223 1626320 255
222 232 1626337 255
209 244 1626353 255
201 257 1626370 255
197 265 1626386 255
194 272 1626402 255
191 285 1626419 255
190 300 1626435 255
190 310 1626452 255
190 319 1626468 255
192 335 1626485 255
194 349 1626501 255
199 360 1626517 255
207 369 1626534 255
218 375 1626550 255
227 380 1626567 255
237 387 1626583 255
247 392 1626600 255
262 395 1626616 255
275 395 1626632 255
285 393 1626649 255
292 390 1626665 255
299 386 1626682 255
310 378 1626698 255
327 362 1626715 255
334 350 1626731 255
338 338 1626747 255
341 331 1626764 255
341 325 1626780 255
341 322 1626797 255
341 317 1626813 255
338 311 1626830 255
332 303 1626846 255
321 293 1626862 255
309 288 1626879 255
300 285 1626895 255
294 284 1626912 255
284 284 1626928 255
272 285 1626945 255
261 287 1626961 255
254 291 1626977 255
249 296 1626994 255
245 302 1627010 255
242 307 1627027 255
240 312 1627043 255
238 316 1627060 255
236 320 1627076 255
233 325 1627092 255
226 331 1627109 255
221 335 1627125 255
216 340 1627142 255
214 345 1627158 255
211 350 1627175 255
210 362 1627213 255
