44
285 105 1904525 255
273 105 1904563 255
267 104 1904579 255
258 104 1904596 255
252 107 1904612 255
244 112 1904629 255
236 118 1904645 255
229 125 1904662 255
224 133 1904678 255
223 142 1904694 255
227 154 1904711 255
236 170 1904727 255
254 198 1904744 255
272 211 1904760 255
283 222 1904777 255
294 240 1904793 255
302 256 1904809 255
306 267 1904826 255
308 276 1904842 255
305 299 1904859 255
300 305 1904875 255
291 311 1904892 255
271 314 1904908 255
249 303 1904924 255
229 286 1904941 255
213 277 1904957 255
205 269 1904974 255
206 254 1904990 255
223 233 1905007 255
236 221 1905023 255
253 205 1905039 255
275 189 1905056 255
287 179 1905072 255
293 173 1905089 255
298 169 1905105 255
307 159 1905122 255
315 147 1905138 255
318 136 1905154 255
318 131 1905171 255
311 126 1905187 255
303 122 1905204 255
297 119 1905220 255
292 117 1905237 255
289 116 1905264 255
