34
86 143 6721783 255
86 139 6721799 255
87 138 6721812 255
90 136 6721823 255
109 135 6721851 255
117 135 6721862 255
129 135 6721875 255
137 136 6721888 255
142 139 6721902 255
145 144 6721915 255
147 154 6721938 255
145 161 6721952 255
136 165 6721965 255
129 169 6721978 255
126 172 6721989 255
124 175 6721991 255
121 180 6722003 255
119 184 6722015 255
118 187 6722029 255
118 190 6722054 255
121 192 6722067 255
131 193 6722079 255
142 196 6722104 255
149 199 6722118 255
152 205 6722130 255
154 212 6722142 255
152 221 6722169 255
150 224 6722181 255
133 231 6722205 255
125 238 6722221 255
113 243 6722233 255
102 247 6722244 255
90 247 6722270 255
81 241 6722307 255
