45
140 91 6384167 255
129 86 6384189 255
124 86 6384202 255
119 92 6384221 255
113 96 6384235 255
105 100 6384247 255
101 101 6384258 255
99 103 6384260 255
94 106 6384272 255
92 115 6384283 255
90 126 6384310 255
91 129 6384311 255
96 134 6384323 255
104 141 6384336 255
117 157 6384362 255
129 162 6384375 255
138 171 6384386 255
142 178 6384398 255
150 189 6384411 255
157 196 6384425 255
162 206 6384438 255
160 219 6384463 255
156 223 6384474 255
149 227 6384501 255
145 228 6384502 255
135 228 6384514 255
127 228 6384526 255
109 226 6384554 255
101 221 6384565 255
95 214 6384577 255
93 207 6384590 255
92 202 6384603 255
99 196 6384617 255
109 182 6384641 255
112 178 6384642 255
119 172 6384654 255
131 164 6384667 255
144 142 6384693 255
147 132 6384706 255
149 118 6384729 255
149 115 6384730 255
148 110 6384744 255
145 106 6384757 255
137 103 6384769 255
126 97 6384819 255
