35
87 133 6344707 255
91 129 6344785 255
103 125 6344801 255
109 122 6344813 255
114 122 6344837 255
116 123 6344838 255
118 126 6344849 255
120 128 6344864 255
122 133 6344890 255
121 138 6344901 255
120 147 6344913 255
115 164 6344941 255
106 177 6344953 255
98 187 6344965 255
90 198 6344991 255
89 204 6344992 255
86 212 6345005 255
84 218 6345016 255
83 225 6345042 255
83 229 6345056 255
84 234 6345079 255
85 235 6345081 255
87 236 6345092 255
89 236 6345104 255
102 234 6345131 255
105 234 6345132 255
112 233 6345144 255
121 232 6345156 255
141 232 6345183 255
150 231 6345195 255
160 232 6345207 255
171 231 6345233 255
174 231 6345246 255
174 230 6345259 255
173 230 6345289 255
