43
110 105 6376059 255
110 112 6376119 255
106 125 6376133 255
101 135 6376145 255
94 157 6376170 255
91 169 6376185 255
89 180 6376196 255
86 192 6376221 255
86 195 6376234 255
86 198 6376247 255
88 204 6376273 255
92 208 6376285 255
100 211 6376296 255
114 209 6376324 255
123 206 6376336 255
136 202 6376360 255
139 200 6376361 255
143 198 6376375 255
145 195 6376387 255
147 187 6376411 255
147 183 6376412 255
147 177 6376425 255
145 173 6376439 255
143 169 6376463 255
142 168 6376464 255
140 167 6376476 255
138 167 6376488 255
138 167 6376514 255
138 167 6376515 255
139 169 6376527 255
141 176 6376539 255
143 187 6376565 255
143 190 6376567 255
144 197 6376579 255
144 207 6376590 255
145 222 6376616 255
145 228 6376630 255
145 237 6376642 255
144 247 6376666 255
144 249 6376667 255
144 253 6376679 255
144 255 6376693 255
145 256 6376736 255
