37
166 316 2800659 255
172 310 2800681 255
176 305 2800697 255
184 295 2800714 255
192 286 2800730 255
205 281 2800747 255
216 279 2800763 255
224 279 2800779 255
231 282 2800796 255
241 298 2800812 255
248 312 2800829 255
252 329 2800845 255
251 355 2800862 255
245 374 2800878 255
236 402 2800894 255
211 429 2800911 255
195 447 2800927 255
183 464 2800944 255
164 474 2800960 255
152 481 2800977 255
146 486 2800993 255
143 489 2801009 255
142 490 2801026 255
141 490 2801042 255
147 490 2801059 255
169 488 2801075 255
184 486 2801092 255
218 484 2801108 255
234 482 2801124 255
265 481 2801141 255
280 481 2801157 255
291 481 2801174 255
301 480 2801190 255
309 480 2801207 255
313 480 2801223 255
315 480 2801239 255
317 480 2801291 255
