39
162 270 2996413 255
171 259 2996465 255
182 252 2996482 255
198 246 2996498 255
221 239 2996515 255
231 238 2996531 255
251 243 2996548 255
273 255 2996564 255
282 265 2996580 255
287 283 2996597 255
288 309 2996613 255
278 322 2996630 255
257 348 2996646 255
246 362 2996663 255
229 374 2996679 255
214 381 2996695 255
205 384 2996712 255
200 386 2996728 255
198 386 2996745 255
202 386 2996761 255
219 382 2996778 255
230 382 2996794 255
255 382 2996810 255
275 384 2996827 255
295 393 2996843 255
318 411 2996860 255
329 424 2996876 255
332 441 2996893 255
324 461 2996909 255
307 475 2996925 255
295 485 2996942 255
266 498 2996958 255
245 505 2996975 255
210 509 2996991 255
198 509 2997008 255
181 507 2997024 255
169 503 2997040 255
163 498 2997057 255
160 494 2997094 255
