29
188 402 2798901 255
188 394 2798939 255
193 386 2798956 255
201 369 2798972 255
219 335 2798989 255
227 313 2799005 255
233 290 2799021 255
235 276 2799038 255
237 258 2799054 255
238 243 2799071 255
240 236 2799087 255
241 232 2799104 255
241 230 2799120 255
242 230 2799129 255
243 244 2799169 255
243 257 2799186 255
244 275 2799202 255
244 303 2799219 255
245 325 2799235 255
245 354 2799251 255
245 381 2799268 255
245 410 2799284 255
245 423 2799301 255
245 436 2799317 255
245 451 2799334 255
243 458 2799350 255
242 463 2799366 255
242 466 2799383 255
241 466 2799416 255
