43
286 233 2808976 255
276 232 2809027 255
264 232 2809043 255
254 235 2809060 255
244 241 2809076 255
228 248 2809092 255
210 259 2809109 255
199 269 2809125 255
187 286 2809142 255
166 311 2809158 255
150 328 2809175 255
138 358 2809191 255
134 373 2809207 255
127 396 2809224 255
128 418 2809240 255
131 438 2809257 255
137 461 2809273 255
147 475 2809290 255
167 484 2809306 255
178 488 2809322 255
190 490 2809339 255
213 490 2809355 255
227 485 2809372 255
237 481 2809388 255
249 467 2809405 255
265 447 2809421 255
272 436 2809437 255
273 413 2809454 255
264 392 2809470 255
256 381 2809487 255
249 372 2809503 255
238 363 2809520 255
220 357 2809536 255
201 356 2809552 255
172 362 2809569 255
154 368 2809585 255
144 372 2809602 255
136 377 2809618 255
128 382 2809635 255
122 390 2809651 255
120 396 2809667 255
120 400 2809684 255
120 402 2809715 255
