25
189 375 3020117 255
191 364 3020173 255
200 342 3020189 255
214 324 3020205 255
230 292 3020222 255
234 278 3020238 255
236 268 3020255 255
238 257 3020271 255
239 253 3020288 255
239 251 3020304 255
240 253 3020320 255
240 260 3020337 255
242 272 3020353 255
243 302 3020370 255
244 337 3020386 255
245 371 3020403 255
245 404 3020419 255
245 432 3020435 255
245 460 3020452 255
245 470 3020468 255
245 482 3020485 255
245 492 3020501 255
245 504 3020518 255
245 508 3020534 255
245 509 3020574 255
