25
101 126 211525712 255
96 126 211525744 255
94 130 211525744 255
90 140 211525776 255
89 148 211525792 255
87 157 211525792 255
87 196 211525824 255
89 205 211525840 255
105 213 211525856 255
112 213 211525872 255
128 210 211525888 255
153 192 211525920 255
168 177 211525936 255
177 157 211525952 255
179 136 211525968 255
180 126 211525984 255
179 109 211526000 255
178 105 211526016 255
167 100 211526032 255
161 98 211526048 255
144 98 211526064 255
106 119 211526096 255
92 140 211526096 255
86 162 211526128 255
85 172 211526160 255
