28
89 119 211134528 255
85 123 211134576 255
81 128 211134592 255
75 142 211134608 255
74 155 211134624 255
76 180 211134640 255
79 193 211134656 255
82 201 211134656 255
84 206 211134672 255
94 211 211134688 255
105 213 211134704 255
115 213 211134720 255
134 202 211134752 255
143 196 211134752 255
168 178 211134784 255
174 167 211134784 255
179 148 211134816 255
180 139 211134816 255
180 131 211134848 255
177 119 211134864 255
169 110 211134880 255
159 104 211134896 255
152 102 211134912 255
144 103 211134928 255
137 105 211134928 255
112 116 211134960 255
103 120 211134960 255
97 128 211134992 255
