46
87 109 211109936 255
86 104 211109952 255
85 103 211109968 255
84 100 211109984 255
84 98 211110000 255
85 97 211110016 255
86 96 211110032 255
88 95 211110048 255
94 93 211110048 255
104 91 211110080 255
109 91 211110080 255
119 91 211110112 255
125 91 211110112 255
134 93 211110144 255
137 98 211110160 255
134 104 211110176 255
127 112 211110192 255
124 115 211110208 255
120 118 211110208 255
113 121 211110224 255
102 125 211110256 255
98 126 211110256 255
92 130 211110288 255
90 131 211110288 255
89 132 211110320 255
94 131 211110336 255
100 131 211110352 255
113 130 211110368 255
120 131 211110384 255
127 131 211110384 255
134 133 211110400 255
145 139 211110416 255
154 146 211110432 255
156 151 211110448 255
157 156 211110464 255
157 161 211110480 255
155 165 211110496 255
148 174 211110512 255
142 178 211110528 255
127 187 211110544 255
119 190 211110544 255
107 194 211110576 255
97 195 211110592 255
92 195 211110608 255
86 193 211110624 255
84 192 211110656 255
