42
97 88 211114080 255
92 92 211114128 255
91 93 211114144 255
91 96 211114144 255
89 105 211114176 255
88 110 211114176 255
87 113 211114192 255
87 117 211114208 255
85 122 211114224 255
84 124 211114240 255
84 126 211114256 255
85 127 211114272 255
85 129 211114272 255
87 130 211114288 255
97 130 211114304 255
103 133 211114320 255
112 139 211114336 255
119 143 211114352 255
126 146 211114368 255
131 149 211114384 255
139 161 211114400 255
142 168 211114416 255
144 176 211114432 255
137 187 211114448 255
130 195 211114464 255
123 204 211114480 255
118 206 211114496 255
105 210 211114512 255
100 211 211114528 255
97 212 211114544 255
91 212 211114560 255
89 212 211114576 255
88 209 211114608 255
81 115 211114736 255
82 109 211114768 255
83 106 211114784 255
84 101 211114800 255
87 99 211114816 255
101 91 211114832 255
118 82 211114848 255
135 73 211114848 255
156 68 211114880 255
