36
165 71 211144944 255
165 67 211144992 255
165 67 211144992 255
161 66 211145024 255
159 66 211145024 255
155 69 211145056 255
149 72 211145056 255
143 77 211145072 255
136 81 211145088 255
108 108 211145104 255
98 116 211145120 255
88 140 211145136 255
81 158 211145152 255
80 171 211145168 255
82 184 211145200 255
83 193 211145200 255
86 205 211145232 255
90 208 211145232 255
96 210 211145248 255
102 212 211145264 255
117 213 211145280 255
124 212 211145296 255
138 203 211145312 255
144 197 211145328 255
156 187 211145344 255
161 174 211145360 255
159 170 211145376 255
156 163 211145392 255
154 161 211145408 255
144 159 211145424 255
133 163 211145456 255
128 167 211145472 255
108 177 211145488 255
97 191 211145504 255
90 205 211145520 255
87 213 211145568 255
