61
171 119 7516567 255
174 115 7516597 255
174 114 7516607 255
175 112 7516629 255
174 112 7516640 255
166 111 7516662 255
159 110 7516679 255
154 110 7516694 255
139 109 7516716 255
133 109 7516727 255
115 108 7516748 255
107 108 7516759 255
93 109 7516781 255
79 110 7516802 255
73 113 7516813 255
66 119 7516835 255
64 122 7516846 255
62 128 7516867 255
62 132 7516878 255
62 138 7516889 255
63 144 7516895 255
65 155 7516921 255
67 163 7516932 255
68 178 7516954 255
68 183 7516965 255
68 187 7516976 255
67 189 7516987 255
66 193 7517004 255
66 195 7517019 255
67 196 7517041 255
69 196 7517051 255
72 195 7517062 255
75 194 7517073 255
80 187 7517095 255
89 180 7517112 255
96 177 7517127 255
102 175 7517138 255
110 174 7517149 255
119 173 7517160 255
134 173 7517181 255
143 176 7517192 255
161 183 7517214 255
165 186 7517220 255
169 188 7517235 255
171 191 7517246 255
174 197 7517268 255
174 203 7517279 255
166 214 7517300 255
162 218 7517311 255
156 225 7517322 255
143 235 7517328 255
124 246 7517355 255
113 248 7517365 255
100 247 7517387 255
95 245 7517398 255
83 240 7517420 255
75 236 7517437 255
75 235 7517452 255
77 234 7517474 255
77 234 7517485 255
78 234 7517518 255
