36
79 128 8027615 255
83 123 8027697 255
84 121 8027708 255
86 115 8027729 255
88 112 8027740 255
99 108 8027762 255
104 107 8027773 255
108 106 8027784 255
112 105 8027790 255
124 105 8027816 255
129 106 8027827 255
136 113 8027849 255
137 118 8027859 255
134 128 8027881 255
125 149 8027898 255
120 162 8027914 255
101 189 8027935 255
95 196 8027946 255
90 206 8027957 255
87 213 8027968 255
76 223 8027989 255
68 235 8028006 255
65 239 8028022 255
62 245 8028044 255
61 247 8028054 255
65 250 8028076 255
70 251 8028087 255
79 251 8028108 255
87 249 8028115 255
102 243 8028141 255
122 238 8028163 255
129 236 8028173 255
138 233 8028195 255
142 232 8028206 255
146 232 8028223 255
146 231 8028261 255
