43
65 107 8036572 255
72 105 8036631 255
75 105 8036642 255
78 105 8036648 255
80 104 8036663 255
83 103 8036674 255
96 102 8036696 255
101 102 8036707 255
106 102 8036717 255
114 102 8036728 255
128 102 8036750 255
133 103 8036756 255
141 104 8036782 255
144 105 8036793 255
146 106 8036804 255
148 109 8036815 255
149 118 8036836 255
149 123 8036847 255
145 137 8036864 255
137 148 8036880 255
129 163 8036891 255
122 182 8036901 255
115 196 8036923 255
106 207 8036934 255
95 221 8036956 255
90 234 8036973 255
88 239 8036988 255
86 246 8037010 255
84 249 8037021 255
83 252 8037042 255
83 253 8037053 255
83 254 8037064 255
83 254 8037108 255
155 172 8037271 255
152 169 8037324 255
151 169 8037335 255
145 169 8037356 255
139 169 8037367 255
125 170 8037384 255
116 170 8037400 255
108 171 8037410 255
100 171 8037421 255
82 172 8037466 255
