40
84 104 8010115 255
92 103 8010182 255
97 103 8010197 255
101 102 8010208 255
109 101 8010229 255
115 101 8010240 255
123 101 8010251 255
129 101 8010262 255
139 102 8010284 255
144 103 8010290 255
156 105 8010316 255
163 109 8010338 255
164 114 8010349 255
162 123 8010370 255
160 128 8010381 255
155 145 8010398 255
146 176 8010424 255
139 187 8010435 255
125 211 8010457 255
123 217 8010468 255
118 229 8010489 255
112 242 8010506 255
109 246 8010522 255
103 251 8010544 255
100 253 8010554 255
97 255 8010576 255
97 256 8010622 255
174 181 8010740 255
176 178 8010771 255
176 177 8010782 255
172 177 8010803 255
168 178 8010810 255
157 180 8010836 255
149 182 8010847 255
141 184 8010858 255
132 186 8010868 255
113 189 8010890 255
105 190 8010901 255
86 192 8010918 255
78 193 8010956 255
