47
155 97 8033007 255
149 100 8033090 255
144 100 8033100 255
132 101 8033122 255
125 102 8033133 255
108 102 8033155 255
91 103 8033172 255
82 104 8033187 255
71 104 8033209 255
67 105 8033220 255
62 107 8033241 255
60 109 8033252 255
59 113 8033263 255
59 117 8033274 255
58 122 8033280 255
59 134 8033306 255
59 142 8033317 255
60 153 8033339 255
60 158 8033350 255
60 164 8033371 255
60 167 8033388 255
62 167 8033404 255
69 167 8033425 255
73 166 8033436 255
79 164 8033458 255
84 163 8033469 255
98 161 8033490 255
104 161 8033497 255
119 163 8033523 255
126 165 8033534 255
138 174 8033555 255
144 181 8033566 255
149 191 8033588 255
150 204 8033605 255
149 210 8033620 255
136 223 8033642 255
129 229 8033653 255
105 237 8033674 255
98 238 8033685 255
81 237 8033707 255
74 236 8033713 255
66 234 8033739 255
63 233 8033750 255
60 232 8033772 255
59 232 8033783 255
58 232 8033794 255
58 231 8033829 255
