32
129 251 8023835 255
126 254 8023896 255
125 254 8023907 255
122 254 8023928 255
120 254 8023939 255
110 249 8023961 255
99 241 8023978 255
95 237 8023993 255
83 220 8024015 255
77 210 8024026 255
75 200 8024048 255
77 191 8024058 255
79 183 8024069 255
82 177 8024080 255
94 159 8024102 255
103 151 8024113 255
112 146 8024134 255
119 145 8024145 255
132 147 8024167 255
142 155 8024188 255
146 158 8024195 255
156 173 8024221 255
160 182 8024232 255
161 188 8024242 255
160 200 8024253 255
156 216 8024275 255
154 223 8024286 255
149 237 8024303 255
139 243 8024318 255
129 248 8024340 255
124 248 8024351 255
108 242 8024395 255
