44
83 146 7522914 255
83 143 7522964 255
82 142 7522974 255
82 140 7522996 255
82 140 7523007 255
83 138 7523024 255
84 138 7523039 255
84 137 7523050 255
86 135 7523061 255
96 131 7523083 255
102 128 7523093 255
115 124 7523115 255
130 124 7523132 255
136 126 7523148 255
144 129 7523169 255
147 131 7523180 255
149 134 7523202 255
149 138 7523213 255
149 144 7523223 255
142 154 7523241 255
135 162 7523256 255
127 174 7523267 255
119 191 7523288 255
117 208 7523310 255
117 213 7523321 255
118 223 7523343 255
121 229 7523349 255
137 243 7523375 255
147 248 7523397 255
154 248 7523408 255
164 243 7523429 255
167 240 7523440 255
165 233 7523457 255
161 226 7523472 255
155 216 7523483 255
133 201 7523494 255
100 171 7523516 255
94 166 7523527 255
71 146 7523548 255
64 141 7523565 255
62 139 7523581 255
60 138 7523602 255
59 138 7523613 255
59 138 7523664 255
