48
65 218 7538744 255
70 214 7538794 255
73 211 7538805 255
78 205 7538827 255
83 199 7538844 255
85 192 7538859 255
90 186 7538870 255
97 179 7538881 255
104 170 7538892 255
113 148 7538913 255
115 143 7538924 255
117 132 7538946 255
118 126 7538952 255
118 118 7538978 255
119 114 7539000 255
119 114 7539011 255
118 120 7539032 255
118 123 7539043 255
118 127 7539054 255
118 134 7539060 255
117 150 7539087 255
116 162 7539097 255
116 189 7539119 255
117 202 7539130 255
118 215 7539152 255
124 223 7539169 255
129 228 7539184 255
135 233 7539195 255
143 240 7539216 255
146 242 7539227 255
153 246 7539249 255
154 247 7539260 255
154 247 7539271 255
154 249 7539277 255
152 250 7539303 255
150 251 7539314 255
139 253 7539336 255
133 254 7539346 255
117 255 7539368 255
104 255 7539385 255
99 255 7539401 255
94 255 7539411 255
88 255 7539433 255
86 255 7539444 255
84 255 7539466 255
83 255 7539476 255
83 255 7539487 255
82 255 7539521 255
