47
77 186 8025797 255
82 182 8025834 255
84 179 8025845 255
87 173 8025867 255
97 160 8025884 255
103 151 8025899 255
110 135 8025910 255
114 121 8025921 255
116 115 8025932 255
118 109 8025953 255
119 107 8025964 255
120 105 8025986 255
120 105 8025992 255
120 108 8026018 255
119 120 8026040 255
118 128 8026051 255
114 151 8026073 255
109 177 8026083 255
99 196 8026101 255
93 213 8026127 255
92 217 8026138 255
91 222 8026159 255
90 224 8026170 255
91 226 8026181 255
94 228 8026192 255
104 232 8026209 255
110 234 8026224 255
126 237 8026246 255
133 239 8026257 255
139 240 8026268 255
149 240 8026289 255
152 240 8026300 255
153 240 8026317 255
152 241 8026332 255
151 242 8026343 255
145 243 8026354 255
133 245 8026376 255
123 246 8026387 255
107 248 8026408 255
90 249 8026425 255
82 250 8026441 255
75 250 8026452 255
66 251 8026473 255
63 251 8026484 255
59 252 8026506 255
58 252 8026517 255
57 251 8026552 255
