27
78 76 3422340 255
83 76 3422381 255
93 79 3422397 255
102 81 3422409 255
112 85 3422432 255
116 88 3422433 255
124 98 3422446 255
130 107 3422460 255
128 132 3422485 255
123 141 3422497 255
118 154 3422510 255
98 177 3422537 255
93 189 3422548 255
88 206 3422573 255
90 211 3422588 255
97 214 3422601 255
112 214 3422625 255
120 208 3422638 255
127 197 3422652 255
125 175 3422676 255
119 164 3422689 255
107 156 3422701 255
84 134 3422728 255
75 127 3422740 255
75 118 3422764 255
83 101 3422780 255
95 94 3422829 255
