29
146 55 1936286 255
138 54 1936327 255
130 54 1936342 255
124 54 1936354 255
114 57 1936378 255
104 67 1936391 255
97 75 1936405 255
90 85 1936430 255
91 94 1936442 255
99 102 1936455 255
114 102 1936482 255
125 96 1936494 255
138 88 1936518 255
141 85 1936519 255
146 74 1936534 255
149 67 1936546 255
151 63 1936569 255
151 62 1936571 255
152 63 1936583 255
152 71 1936597 255
151 87 1936622 255
151 100 1936634 255
150 113 1936646 255
149 144 1936674 255
149 159 1936686 255
149 172 1936709 255
150 175 1936710 255
151 178 1936725 255
153 180 1936775 255
