32
138 43 3418716 255
128 36 3418733 255
123 32 3418744 255
115 30 3418757 255
95 26 3418784 255
89 25 3418796 255
79 23 3418820 255
71 23 3418836 255
68 24 3418848 255
66 31 3418871 255
64 44 3418885 255
64 53 3418900 255
63 70 3418923 255
62 74 3418924 255
61 81 3418936 255
61 88 3418949 255
64 94 3418975 255
68 96 3418976 255
74 97 3418988 255
80 96 3419001 255
101 93 3419028 255
111 93 3419040 255
124 98 3419052 255
141 111 3419076 255
145 121 3419092 255
146 133 3419104 255
137 157 3419128 255
128 168 3419141 255
115 175 3419156 255
93 189 3419180 255
81 194 3419192 255
76 196 3419236 255
