61
79 93 193375264 255
80 88 193375344 255
81 87 193375344 255
84 83 193375376 255
86 81 193375392 255
90 79 193375408 255
94 77 193375424 255
97 77 193375440 255
101 79 193375456 255
103 81 193375472 255
108 85 193375488 255
110 88 193375504 255
114 93 193375520 255
115 98 193375552 255
114 105 193375568 255
113 108 193375584 255
112 111 193375584 255
108 118 193375616 255
106 121 193375616 255
102 126 193375648 255
99 129 193375664 255
97 130 193375680 255
96 131 193375696 255
95 131 193375712 255
95 131 193375728 255
97 130 193375744 255
99 130 193375760 255
100 130 193375760 255
105 130 193375776 255
107 130 193375792 255
113 132 193375824 255
116 132 193375824 255
119 133 193375840 255
122 134 193375856 255
127 138 193375872 255
132 144 193375888 255
134 147 193375904 255
136 150 193375920 255
140 155 193375936 255
143 161 193375952 255
144 164 193375968 255
144 170 193376000 255
144 173 193376000 255
142 179 193376032 255
139 184 193376048 255
136 187 193376064 255
131 191 193376080 255
129 193 193376096 255
121 195 193376112 255
113 196 193376128 255
109 197 193376144 255
103 197 193376160 255
98 197 193376176 255
89 196 193376192 255
80 193 193376208 255
77 191 193376224 255
72 187 193376256 255
70 186 193376256 255
69 185 193376272 255
68 184 193376288 255
67 184 193376336 255
