45
64 106 192907504 255
63 102 192907600 255
64 100 192907616 255
67 94 192907632 255
71 92 192907648 255
79 88 192907664 255
88 85 192907696 255
92 84 192907696 255
103 85 192907728 255
108 87 192907728 255
116 91 192907760 255
119 95 192907760 255
124 102 192907792 255
126 110 192907808 255
126 115 192907824 255
124 124 192907840 255
122 130 192907856 255
116 141 192907872 255
111 148 192907888 255
106 156 192907888 255
95 172 192907920 255
90 179 192907936 255
85 183 192907936 255
76 191 192907968 255
72 196 192907968 255
68 200 192907984 255
63 203 192908000 255
54 209 192908016 255
51 212 192908016 255
46 216 192908048 255
45 217 192908064 255
45 218 192908080 255
47 218 192908096 255
51 217 192908112 255
62 215 192908128 255
71 214 192908144 255
80 213 192908160 255
90 212 192908160 255
111 209 192908192 255
129 209 192908208 255
143 209 192908224 255
148 208 192908240 255
154 209 192908256 255
156 210 192908288 255
157 211 192908320 255
