46
65 63 192925888 255
73 59 192926000 255
79 59 192926000 255
92 57 192926032 255
100 57 192926048 255
115 57 192926064 255
122 58 192926080 255
133 60 192926096 255
140 63 192926112 255
141 65 192926128 255
143 69 192926144 255
142 71 192926160 255
139 79 192926176 255
136 84 192926192 255
133 90 192926208 255
128 96 192926224 255
121 105 192926224 255
113 117 192926240 255
102 136 192926256 255
98 143 192926272 255
92 152 192926288 255
89 156 192926304 255
84 165 192926320 255
82 169 192926336 255
78 180 192926352 255
75 184 192926368 255
71 193 192926384 255
66 203 192926416 255
64 207 192926416 255
60 215 192926448 255
59 218 192926464 255
56 223 192926480 255
55 226 192926496 255
54 230 192926512 255
53 231 192926528 255
52 234 192926544 255
52 235 192926544 255
52 234 192926592 255
74 156 192927984 255
79 155 192928032 255
80 154 192928048 255
86 154 192928080 255
92 153 192928080 255
102 152 192928112 255
107 153 192928112 255
112 152 192928144 255
