63
143 112 192977536 255
146 109 192977584 255
146 108 192977584 255
147 107 192977616 255
147 106 192977616 255
145 105 192977648 255
144 102 192977648 255
140 100 192977664 255
136 97 192977680 255
129 93 192977696 255
125 92 192977712 255
116 92 192977728 255
111 93 192977744 255
106 94 192977760 255
101 97 192977760 255
94 100 192977792 255
92 101 192977792 255
89 104 192977824 255
87 109 192977840 255
86 114 192977856 255
87 123 192977872 255
88 126 192977888 255
94 132 192977904 255
98 134 192977920 255
106 136 192977936 255
109 136 192977952 255
113 136 192977952 255
117 136 192977968 255
127 136 192977984 255
132 135 192978000 255
139 131 192978016 255
142 128 192978032 255
146 122 192978048 255
147 118 192978064 255
149 115 192978080 255
150 110 192978096 255
151 108 192978112 255
151 106 192978128 255
153 106 192978144 255
153 105 192978160 255
154 106 192978176 255
154 107 192978192 255
154 109 192978208 255
154 111 192978224 255
154 116 192978240 255
153 120 192978256 255
153 130 192978272 255
153 142 192978288 255
153 148 192978304 255
152 161 192978336 255
152 167 192978336 255
152 177 192978368 255
151 186 192978384 255
151 190 192978400 255
149 199 192978416 255
149 203 192978432 255
148 209 192978448 255
147 213 192978464 255
147 215 192978480 255
146 216 192978480 255
146 217 192978496 255
147 218 192978512 255
147 219 192978544 255
