52
79 107 193372912 255
79 104 193372976 255
79 102 193372992 255
81 98 193373008 255
83 97 193373024 255
89 95 193373040 255
93 92 193373056 255
97 91 193373056 255
101 91 193373072 255
110 92 193373088 255
116 95 193373120 255
118 98 193373120 255
120 100 193373136 255
121 106 193373152 255
121 114 193373184 255
121 118 193373200 255
119 125 193373216 255
116 130 193373216 255
111 139 193373248 255
105 149 193373264 255
103 154 193373280 255
96 163 193373296 255
92 167 193373312 255
84 174 193373328 255
77 182 193373360 255
74 185 193373360 255
69 191 193373392 255
68 194 193373392 255
64 199 193373424 255
62 204 193373440 255
61 205 193373456 255
61 208 193373472 255
61 208 193373488 255
63 209 193373504 255
65 209 193373520 255
67 209 193373536 255
69 209 193373536 255
73 209 193373552 255
79 209 193373568 255
84 209 193373568 255
96 210 193373600 255
105 210 193373600 255
120 209 193373632 255
129 209 193373632 255
136 209 193373648 255
143 209 193373648 255
152 209 193373680 255
155 208 193373696 255
159 208 193373712 255
160 208 193373728 255
161 208 193373728 255
162 209 193373776 255
