59
104 129 192934736 255
107 126 192934784 255
109 125 192934784 255
112 123 192934816 255
114 122 192934816 255
123 117 192934848 255
133 112 192934864 255
137 110 192934880 255
144 106 192934896 255
146 103 192934912 255
148 98 192934928 255
149 93 192934960 255
148 91 192934960 255
143 88 192934992 255
133 86 192935008 255
129 85 192935024 255
126 85 192935024 255
123 85 192935040 255
119 85 192935056 255
111 88 192935072 255
107 90 192935088 255
101 96 192935104 255
98 98 192935104 255
95 102 192935136 255
94 108 192935168 255
94 111 192935168 255
96 121 192935200 255
99 124 192935200 255
105 131 192935216 255
109 144 192935248 255
111 149 192935264 255
115 158 192935280 255
116 162 192935296 255
118 171 192935312 255
120 180 192935328 255
120 184 192935344 255
121 188 192935360 255
121 190 192935376 255
120 193 192935392 255
118 194 192935408 255
111 195 192935424 255
101 196 192935456 255
97 196 192935456 255
89 194 192935488 255
84 192 192935504 255
74 188 192935520 255
71 185 192935536 255
67 177 192935552 255
69 171 192935568 255
73 166 192935584 255
79 156 192935600 255
82 151 192935616 255
91 144 192935632 255
104 133 192935648 255
107 131 192935664 255
111 127 192935696 255
113 125 192935696 255
115 123 192935728 255
116 123 192935760 255
