73
146 84 193380464 255
139 82 193380576 255
136 81 193380576 255
130 79 193380608 255
127 78 193380608 255
122 77 193380640 255
118 77 193380640 255
113 78 193380656 255
108 79 193380656 255
99 80 193380688 255
97 81 193380704 255
94 82 193380704 255
91 84 193380736 255
90 85 193380736 255
89 88 193380768 255
89 91 193380768 255
89 96 193380800 255
89 98 193380816 255
89 100 193380816 255
89 101 193380832 255
88 107 193380848 255
88 112 193380864 255
87 120 193380880 255
87 123 193380896 255
87 126 193380912 255
86 128 193380912 255
85 132 193380944 255
85 133 193380944 255
85 135 193380976 255
84 137 193380992 255
84 138 193381008 255
84 139 193381024 255
84 140 193381040 255
86 141 193381056 255
86 141 193381072 255
89 141 193381088 255
95 140 193381120 255
98 139 193381120 255
104 138 193381152 255
108 138 193381152 255
114 140 193381184 255
117 142 193381184 255
121 145 193381200 255
125 147 193381200 255
132 152 193381232 255
135 155 193381248 255
139 160 193381264 255
141 162 193381280 255
143 163 193381280 255
144 165 193381296 255
144 171 193381312 255
144 174 193381328 255
143 183 193381344 255
140 186 193381360 255
137 189 193381376 255
134 191 193381376 255
128 197 193381408 255
123 203 193381424 255
120 204 193381440 255
116 206 193381456 255
111 208 193381456 255
107 210 193381472 255
99 213 193381488 255
96 213 193381504 255
91 213 193381520 255
89 213 193381536 255
87 212 193381552 255
84 211 193381552 255
78 209 193381584 255
74 208 193381584 255
69 206 193381616 255
67 204 193381632 255
67 203 193381664 255
