37
91 167 192957264 255
89 163 192957328 255
89 160 192957344 255
94 152 192957360 255
96 148 192957376 255
103 138 192957392 255
106 131 192957408 255
109 125 192957424 255
111 120 192957424 255
114 110 192957456 255
115 105 192957456 255
117 97 192957488 255
120 91 192957504 255
120 90 192957520 255
121 90 192957536 255
121 90 192957552 255
120 92 192957568 255
120 94 192957584 255
120 101 192957600 255
119 105 192957616 255
117 118 192957632 255
115 131 192957664 255
114 138 192957664 255
113 151 192957696 255
112 159 192957696 255
111 170 192957712 255
110 175 192957728 255
110 179 192957744 255
109 183 192957760 255
109 190 192957776 255
109 193 192957792 255
109 198 192957808 255
108 202 192957824 255
108 204 192957840 255
108 206 192957856 255
108 206 192957872 255
109 210 192957904 255
