70
91 98 193413072 255
90 94 193413136 255
90 93 193413152 255
93 90 193413184 255
97 88 193413184 255
104 83 193413216 255
108 83 193413216 255
113 84 193413248 255
118 87 193413264 255
120 88 193413280 255
124 92 193413296 255
124 95 193413312 255
125 99 193413328 255
125 101 193413344 255
124 105 193413344 255
124 108 193413360 255
122 117 193413376 255
121 121 193413392 255
119 127 193413408 255
116 131 193413440 255
114 132 193413440 255
109 135 193413472 255
106 137 193413472 255
101 139 193413504 255
100 140 193413504 255
100 140 193413520 255
101 141 193413536 255
102 141 193413536 255
105 139 193413568 255
107 138 193413584 255
112 137 193413600 255
114 136 193413616 255
119 137 193413632 255
123 138 193413648 255
125 139 193413664 255
129 143 193413680 255
130 145 193413696 255
134 150 193413712 255
135 153 193413728 255
137 157 193413744 255
138 159 193413760 255
140 164 193413776 255
141 167 193413792 255
141 173 193413824 255
141 176 193413824 255
141 179 193413840 255
140 181 193413856 255
139 186 193413872 255
137 188 193413888 255
135 190 193413888 255
134 192 193413904 255
131 195 193413920 255
129 197 193413936 255
123 199 193413952 255
117 199 193413968 255
114 199 193413984 255
108 199 193414016 255
106 199 193414016 255
101 199 193414048 255
98 198 193414048 255
92 198 193414080 255
86 197 193414096 255
84 196 193414112 255
80 194 193414128 255
78 193 193414144 255
76 190 193414160 255
73 188 193414176 255
73 188 193414192 255
71 187 193414224 255
72 188 193414256 255
