31
197 116 2726525 255
195 125 2726559 255
192 139 2726575 255
189 159 2726592 255
186 180 2726608 255
184 200 2726624 255
183 213 2726641 255
183 220 2726657 255
187 226 2726674 255
198 233 2726690 255
223 231 2726707 255
248 222 2726723 255
280 212 2726739 255
306 201 2726756 255
325 194 2726772 255
332 193 2726789 255
337 193 2726805 255
338 204 2726822 255
327 218 2726838 255
321 224 2726865 255
340 109 2727381 255
338 119 2727413 255
331 138 2727429 255
329 164 2727446 255
326 200 2727462 255
326 234 2727479 255
328 272 2727495 255
330 304 2727512 255
334 337 2727528 255
336 370 2727544 255
340 403 2727584 255
