39
295 157 2707895 255
276 147 2707933 255
258 145 2707949 255
234 145 2707966 255
206 156 2707982 255
190 167 2707999 255
178 178 2708015 255
172 189 2708032 255
178 204 2708048 255
188 215 2708064 255
213 225 2708081 255
241 242 2708097 255
276 264 2708114 255
291 282 2708130 255
302 312 2708147 255
305 334 2708163 255
300 365 2708179 255
291 386 2708196 255
273 408 2708212 255
252 419 2708229 255
227 425 2708245 255
204 425 2708262 255
185 414 2708278 255
164 395 2708294 255
154 380 2708311 255
152 349 2708327 255
164 321 2708344 255
182 293 2708360 255
205 273 2708377 255
230 252 2708393 255
240 239 2708409 255
251 229 2708426 255
261 210 2708442 255
261 198 2708459 255
257 186 2708475 255
248 169 2708492 255
243 154 2708508 255
236 136 2708524 255
234 132 2708549 255
