30
127 256 2935977 255
130 251 2935992 255
137 236 2936008 255
150 225 2936025 255
172 206 2936041 255
194 190 2936058 255
222 178 2936074 255
239 174 2936091 255
258 173 2936107 255
272 177 2936123 255
280 189 2936140 255
282 206 2936156 255
266 231 2936173 255
245 261 2936189 255
212 294 2936206 255
191 317 2936222 255
165 342 2936238 255
147 358 2936255 255
141 368 2936271 255
138 372 2936288 255
138 375 2936304 255
138 378 2936321 255
151 379 2936337 255
175 379 2936353 255
204 373 2936370 255
229 371 2936386 255
261 370 2936403 255
283 370 2936419 255
314 372 2936436 255
334 372 2936468 255
