26
290 229 2721310 255
280 221 2721334 255
263 216 2721351 255
249 213 2721367 255
215 215 2721384 255
192 223 2721400 255
160 242 2721416 255
141 265 2721433 255
124 300 2721449 255
118 332 2721466 255
121 349 2721482 255
133 370 2721499 255
162 392 2721515 255
197 402 2721531 255
238 401 2721548 255
280 387 2721564 255
325 355 2721581 255
343 329 2721597 255
354 296 2721614 255
351 278 2721630 255
345 252 2721646 255
331 237 2721663 255
308 228 2721679 255
296 225 2721696 255
273 224 2721712 255
266 224 2721737 255
