28
275 168 2697107 255
255 167 2697139 255
245 166 2697156 255
241 166 2697172 255
209 173 2697188 255
187 184 2697205 255
159 206 2697221 255
145 221 2697238 255
134 253 2697254 255
128 273 2697271 255
127 295 2697287 255
132 313 2697303 255
139 333 2697320 255
155 349 2697336 255
177 357 2697353 255
197 358 2697369 255
228 348 2697386 255
254 332 2697402 255
272 318 2697418 255
284 297 2697435 255
287 272 2697451 255
288 244 2697468 255
278 218 2697484 255
268 201 2697501 255
253 186 2697517 255
245 178 2697533 255
241 176 2697550 255
239 175 2697582 255
