36
73 88 18572164 255
75 84 18572180 255
78 81 18572198 255
80 80 18572214 255
82 79 18572224 255
90 77 18572246 255
97 76 18572256 255
102 76 18572268 255
108 76 18572280 255
119 77 18572300 255
124 78 18572308 255
129 85 18572332 255
130 88 18572344 255
129 91 18572356 255
127 94 18572366 255
123 99 18572388 255
119 101 18572398 255
108 104 18572416 255
100 106 18572440 255
97 107 18572452 255
95 108 18572474 255
94 108 18572484 255
102 109 18572508 255
109 116 18572524 255
114 120 18572540 255
124 127 18572560 255
127 130 18572572 255
131 138 18572592 255
128 148 18572616 255
121 156 18572632 255
113 159 18572648 255
106 162 18572658 255
89 164 18572680 255
75 165 18572702 255
71 165 18572712 255
69 164 18572748 255
