31
106 52 18901210 255
103 49 18901238 255
100 48 18901260 255
98 49 18901272 255
93 57 18901292 255
91 62 18901304 255
89 78 18901320 255
91 88 18901336 255
109 114 18901356 255
129 129 18901380 255
134 132 18901390 255
140 139 18901412 255
144 144 18901428 255
144 148 18901444 255
141 154 18901466 255
136 156 18901476 255
121 160 18901498 255
113 160 18901508 255
106 156 18901520 255
101 151 18901532 255
95 128 18901552 255
101 117 18901564 255
115 87 18901584 255
118 81 18901596 255
120 76 18901606 255
124 66 18901616 255
126 56 18901640 255
125 53 18901644 255
122 48 18901672 255
117 47 18901682 255
110 47 18901716 255
