27
83 74 18893908 255
87 68 18893968 255
90 68 18893980 255
101 67 18894002 255
112 68 18894020 255
119 69 18894034 255
124 70 18894044 255
129 71 18894056 255
131 72 18894068 255
132 75 18894088 255
130 76 18894100 255
126 82 18894120 255
123 87 18894128 255
116 94 18894152 255
111 98 18894176 255
111 100 18894186 255
113 103 18894208 255
115 105 18894218 255
124 114 18894236 255
133 123 18894262 255
135 126 18894272 255
137 131 18894294 255
134 133 18894304 255
124 137 18894328 255
107 147 18894344 255
99 151 18894360 255
85 153 18894404 255
