32
94 96 18874290 255
90 99 18874370 255
89 101 18874376 255
89 103 18874392 255
88 105 18874404 255
88 113 18874424 255
87 117 18874436 255
88 120 18874446 255
89 123 18874456 255
95 127 18874480 255
100 129 18874484 255
109 132 18874512 255
114 134 18874522 255
118 138 18874532 255
121 142 18874544 255
125 151 18874564 255
125 155 18874576 255
123 160 18874594 255
120 163 18874608 255
116 166 18874620 255
109 171 18874630 255
98 178 18874652 255
90 179 18874664 255
77 177 18874684 255
70 172 18874702 255
71 169 18874740 255
91 107 18874848 255
98 105 18874912 255
103 105 18874924 255
113 104 18874944 255
121 104 18874956 255
129 104 18874988 255
