26
84 83 18578672 255
86 79 18578696 255
87 79 18578710 255
91 78 18578720 255
102 78 18578742 255
109 79 18578752 255
117 81 18578764 255
124 85 18578776 255
134 92 18578796 255
138 96 18578804 255
142 104 18578828 255
143 111 18578840 255
143 117 18578852 255
140 130 18578862 255
129 156 18578884 255
127 164 18578894 255
124 177 18578912 255
123 179 18578928 255
123 182 18578972 255
119 126 18579060 255
122 129 18579122 255
127 130 18579132 255
138 132 18579156 255
146 132 18579164 255
161 134 18579188 255
169 134 18579222 255
