32
86 93 18595372 255
86 88 18595400 255
86 86 18595410 255
88 83 18595432 255
90 82 18595438 255
101 80 18595464 255
105 79 18595476 255
109 79 18595486 255
112 79 18595496 255
117 84 18595520 255
119 88 18595528 255
120 95 18595546 255
120 100 18595562 255
119 107 18595572 255
116 113 18595584 255
108 122 18595604 255
104 125 18595616 255
99 130 18595638 255
98 132 18595656 255
101 133 18595670 255
107 135 18595692 255
110 135 18595704 255
116 138 18595724 255
118 139 18595736 255
120 145 18595756 255
121 148 18595764 255
120 152 18595780 255
118 155 18595790 255
106 159 18595812 255
101 161 18595822 255
91 163 18595844 255
86 164 18595880 255
