40
122 84 18580180 255
120 80 18580216 255
120 80 18580228 255
119 80 18580250 255
118 80 18580256 255
114 84 18580282 255
111 87 18580292 255
108 89 18580304 255
105 92 18580316 255
101 97 18580336 255
101 99 18580348 255
105 105 18580364 255
108 110 18580380 255
111 116 18580392 255
115 121 18580402 255
129 135 18580424 255
136 146 18580434 255
142 156 18580456 255
144 162 18580472 255
143 165 18580488 255
140 169 18580500 255
136 175 18580510 255
127 179 18580532 255
121 179 18580544 255
108 174 18580564 255
100 164 18580582 255
100 155 18580596 255
103 148 18580608 255
114 120 18580628 255
119 114 18580640 255
133 106 18580662 255
137 103 18580672 255
140 100 18580684 255
142 97 18580690 255
144 95 18580716 255
144 94 18580728 255
144 87 18580748 255
142 85 18580760 255
138 83 18580770 255
134 83 18580806 255
