36
109 76 18878992 255
104 75 18879062 255
99 76 18879080 255
96 78 18879094 255
94 82 18879104 255
91 88 18879116 255
89 96 18879138 255
88 100 18879148 255
89 112 18879170 255
99 123 18879188 255
105 128 18879204 255
117 149 18879224 255
121 155 18879236 255
126 161 18879256 255
127 163 18879268 255
127 166 18879278 255
125 172 18879296 255
123 176 18879312 255
120 178 18879322 255
107 178 18879344 255
101 176 18879354 255
93 168 18879376 255
89 153 18879398 255
88 147 18879404 255
94 122 18879430 255
101 114 18879440 255
109 104 18879464 255
113 97 18879474 255
116 91 18879484 255
119 88 18879496 255
121 82 18879512 255
122 80 18879528 255
120 79 18879548 255
118 78 18879560 255
112 80 18879572 255
106 83 18879604 255
