35
81 62 127149152 255
89 60 127149296 255
95 60 127149304 255
104 61 127149328 255
108 62 127149336 255
114 65 127149352 255
118 70 127149368 255
127 79 127149392 255
129 87 127149408 255
128 93 127149424 255
123 105 127149440 255
118 114 127149464 255
112 116 127149472 255
103 119 127149496 255
99 120 127149512 255
95 121 127149528 255
94 121 127149544 255
100 122 127149560 255
109 123 127149584 255
115 125 127149592 255
129 133 127149616 255
134 137 127149632 255
141 146 127149648 255
144 154 127149664 255
146 161 127149672 255
147 167 127149680 255
143 177 127149704 255
133 190 127149712 255
114 205 127149736 255
104 208 127149744 255
96 210 127149760 255
74 205 127149776 255
53 195 127149800 255
44 191 127149808 255
38 186 127149848 255
