26
82 150 127145688 255
84 142 127145736 255
85 138 127145744 255
88 125 127145768 255
91 117 127145776 255
106 96 127145800 255
110 85 127145808 255
113 78 127145824 255
114 74 127145832 255
116 69 127145856 255
118 67 127145864 255
119 65 127145880 255
119 64 127145896 255
120 64 127145912 255
121 65 127145920 255
124 74 127145944 255
128 81 127145952 255
138 108 127145976 255
143 144 127145992 255
144 159 127146008 255
144 183 127146032 255
144 196 127146040 255
142 213 127146064 255
142 223 127146072 255
142 228 127146080 255
142 234 127146128 255
