36
86 94 127097128 255
88 90 127097200 255
99 82 127097216 255
104 79 127097232 255
112 76 127097240 255
128 77 127097264 255
134 80 127097272 255
140 83 127097288 255
144 86 127097296 255
150 96 127097320 255
150 102 127097328 255
149 112 127097352 255
144 117 127097360 255
135 125 127097376 255
129 133 127097384 255
115 142 127097408 255
109 144 127097416 255
100 145 127097432 255
97 145 127097456 255
99 146 127097472 255
107 147 127097488 255
111 148 127097504 255
125 150 127097520 255
136 153 127097544 255
141 157 127097552 255
149 169 127097576 255
153 176 127097592 255
154 192 127097608 255
152 203 127097632 255
142 213 127097648 255
131 224 127097664 255
122 230 127097680 255
102 232 127097696 255
81 223 127097720 255
65 205 127097728 255
59 193 127097768 255
