37
143 40 127162608 255
145 37 127162680 255
145 37 127162696 255
142 37 127162712 255
138 36 127162728 255
130 37 127162744 255
126 39 127162760 255
124 43 127162768 255
117 51 127162792 255
112 56 127162800 255
103 76 127162816 255
103 81 127162832 255
106 89 127162856 255
111 96 127162880 255
113 99 127162888 255
125 102 127162912 255
135 99 127162928 255
139 95 127162944 255
144 81 127162960 255
145 72 127162976 255
147 50 127162992 255
147 46 127163008 255
147 40 127163032 255
148 38 127163048 255
148 39 127163064 255
149 49 127163080 255
150 55 127163096 255
156 78 127163112 255
169 120 127163136 255
168 132 127163144 255
158 157 127163168 255
154 170 127163184 255
136 188 127163200 255
119 196 127163224 255
109 193 127163232 255
83 161 127163264 255
83 157 127163304 255
