30
134 91 127871784 255
129 91 127871824 255
127 91 127871832 255
125 90 127871856 255
123 88 127871872 255
121 87 127871888 255
120 87 127871896 255
118 87 127871904 255
112 88 127871920 255
101 92 127871936 255
97 97 127871952 255
90 109 127871976 255
86 115 127871976 255
80 139 127872008 255
84 169 127872024 255
87 176 127872040 255
105 188 127872064 255
110 191 127872072 255
121 193 127872088 255
133 192 127872112 255
137 190 127872128 255
141 182 127872144 255
142 176 127872160 255
137 165 127872176 255
128 155 127872192 255
123 153 127872208 255
108 152 127872232 255
102 154 127872240 255
82 169 127872264 255
72 177 127872296 255
