35
115 107 127090336 255
114 103 127090376 255
111 102 127090384 255
102 101 127090408 255
95 104 127090424 255
93 108 127090440 255
89 111 127090448 255
84 115 127090464 255
78 119 127090472 255
66 138 127090496 255
63 147 127090504 255
59 170 127090528 255
59 176 127090536 255
60 195 127090560 255
73 209 127090584 255
77 214 127090592 255
91 224 127090616 255
98 225 127090624 255
104 225 127090640 255
111 224 127090640 255
127 220 127090672 255
134 218 127090680 255
154 199 127090704 255
163 192 127090712 255
169 184 127090720 255
173 173 127090736 255
174 158 127090768 255
169 149 127090776 255
159 135 127090800 255
157 131 127090808 255
153 122 127090832 255
139 109 127090856 255
133 105 127090864 255
124 101 127090888 255
115 100 127090920 255
