50
62 77 5696530 255
59 74 5696580 255
58 73 5696591 255
58 72 5696613 255
59 71 5696624 255
65 69 5696645 255
74 67 5696662 255
79 67 5696678 255
93 65 5696699 255
99 65 5696710 255
110 66 5696732 255
118 67 5696743 255
125 71 5696754 255
136 79 5696771 255
140 83 5696786 255
143 86 5696797 255
147 94 5696819 255
148 99 5696829 255
148 104 5696840 255
148 109 5696851 255
145 116 5696873 255
141 120 5696879 255
132 128 5696905 255
129 132 5696916 255
126 135 5696927 255
124 137 5696938 255
121 140 5696960 255
120 142 5696970 255
119 143 5696988 255
119 144 5697003 255
119 145 5697014 255
119 146 5697025 255
126 149 5697046 255
132 151 5697057 255
141 158 5697079 255
149 168 5697096 255
154 173 5697111 255
159 183 5697133 255
160 189 5697144 255
157 199 5697166 255
154 204 5697176 255
148 207 5697187 255
133 212 5697205 255
127 213 5697220 255
119 214 5697231 255
106 215 5697252 255
102 215 5697263 255
98 215 5697274 255
95 215 5697285 255
93 215 5697320 255
