36
129 98 5209077 255
124 96 5209137 255
123 96 5209148 255
121 97 5209165 255
120 101 5209181 255
114 109 5209202 255
108 113 5209213 255
103 118 5209224 255
97 127 5209235 255
85 144 5209257 255
76 161 5209274 255
74 169 5209289 255
74 172 5209300 255
75 176 5209311 255
76 181 5209322 255
83 196 5209343 255
96 204 5209354 255
109 209 5209376 255
118 209 5209382 255
136 198 5209409 255
152 187 5209430 255
164 175 5209441 255
172 163 5209463 255
173 159 5209474 255
176 147 5209491 255
176 137 5209517 255
176 133 5209528 255
172 129 5209539 255
163 120 5209561 255
160 115 5209571 255
154 108 5209593 255
150 105 5209600 255
139 101 5209626 255
131 100 5209647 255
128 100 5209658 255
125 106 5209698 255
