51
47 72 5728762 255
49 69 5728801 255
50 68 5728812 255
51 67 5728834 255
53 65 5728851 255
55 65 5728866 255
59 64 5728877 255
65 63 5728888 255
70 62 5728899 255
80 62 5728920 255
88 61 5728931 255
101 61 5728953 255
107 62 5728959 255
114 63 5728974 255
121 64 5728985 255
132 70 5729007 255
135 74 5729018 255
140 82 5729039 255
142 86 5729050 255
143 96 5729067 255
138 108 5729094 255
134 112 5729105 255
125 123 5729126 255
121 130 5729137 255
112 138 5729159 255
106 143 5729176 255
104 144 5729191 255
104 147 5729213 255
104 147 5729224 255
108 149 5729245 255
110 150 5729256 255
113 151 5729267 255
117 153 5729284 255
121 155 5729300 255
126 158 5729311 255
134 168 5729332 255
138 172 5729343 255
140 175 5729354 255
142 179 5729365 255
144 187 5729386 255
145 191 5729393 255
140 200 5729419 255
131 207 5729441 255
126 209 5729451 255
110 213 5729473 255
104 215 5729484 255
94 216 5729501 255
88 217 5729517 255
82 217 5729527 255
77 217 5729538 255
70 216 5729583 255
