39
161 63 5222081 255
156 62 5222141 255
155 62 5222152 255
154 62 5222169 255
153 62 5222184 255
151 62 5222206 255
146 63 5222217 255
139 64 5222228 255
133 70 5222239 255
109 83 5222260 255
70 115 5222277 255
66 119 5222293 255
63 122 5222304 255
60 129 5222315 255
58 136 5222325 255
56 147 5222347 255
56 157 5222358 255
60 171 5222380 255
67 177 5222386 255
81 185 5222412 255
99 187 5222434 255
105 186 5222445 255
121 184 5222466 255
127 181 5222477 255
132 177 5222488 255
136 173 5222495 255
140 166 5222521 255
141 163 5222532 255
139 161 5222542 255
130 157 5222564 255
126 155 5222575 255
111 150 5222597 255
99 148 5222618 255
93 148 5222629 255
79 150 5222651 255
74 150 5222662 255
67 151 5222684 255
65 152 5222694 255
64 152 5222730 255
