31
55 61 5255724 255
71 60 5255813 255
80 60 5255828 255
89 60 5255839 255
109 59 5255861 255
119 58 5255872 255
134 58 5255894 255
148 58 5255915 255
153 58 5255922 255
160 59 5255948 255
163 59 5255959 255
164 61 5255980 255
165 68 5256002 255
164 75 5256013 255
158 98 5256030 255
154 115 5256046 255
146 140 5256067 255
133 157 5256089 255
128 168 5256100 255
121 190 5256121 255
118 201 5256139 255
117 205 5256154 255
115 209 5256176 255
115 210 5256187 255
115 210 5256231 255
108 138 5256351 255
118 138 5256393 255
125 138 5256404 255
142 137 5256425 255
159 135 5256443 255
166 134 5256481 255
