34
87 116 156790928 255
95 113 156790992 255
104 111 156791008 255
111 107 156791008 255
126 99 156791040 255
135 98 156791056 255
141 101 156791072 255
143 103 156791072 255
146 109 156791088 255
148 112 156791104 255
147 125 156791120 255
146 130 156791136 255
140 137 156791136 255
132 146 156791152 255
124 163 156791184 255
123 167 156791184 255
119 177 156791200 255
115 189 156791200 255
101 203 156791232 255
96 206 156791248 255
93 209 156791264 255
91 212 156791280 255
93 214 156791296 255
102 214 156791312 255
115 217 156791328 255
125 217 156791344 255
134 217 156791360 255
146 220 156791392 255
149 222 156791392 255
153 225 156791424 255
154 224 156791440 255
156 224 156791456 255
158 226 156791472 255
158 224 156791520 255
