37
154 82 156164336 255
148 80 156164384 255
140 80 156164400 255
131 80 156164400 255
120 79 156164432 255
110 79 156164448 255
101 79 156164464 255
93 79 156164480 255
91 79 156164496 255
90 80 156164512 255
90 81 156164528 255
92 83 156164544 255
97 98 156164576 255
100 105 156164592 255
101 114 156164592 255
96 136 156164624 255
94 143 156164640 255
92 156 156164656 255
91 169 156164672 255
91 171 156164688 255
91 169 156164704 255
104 159 156164720 255
109 155 156164736 255
118 150 156164768 255
129 150 156164784 255
137 151 156164784 255
146 166 156164816 255
148 171 156164832 255
149 174 156164832 255
149 189 156164864 255
147 197 156164880 255
139 203 156164896 255
123 208 156164912 255
111 209 156164928 255
91 209 156164960 255
78 209 156164960 255
72 208 156165008 255
