40
89 87 156792736 255
89 83 156792768 255
100 82 156792784 255
107 82 156792800 255
114 82 156792832 255
118 82 156792832 255
129 82 156792832 255
137 83 156792848 255
146 88 156792880 255
148 96 156792896 255
149 102 156792896 255
149 105 156792912 255
150 107 156792912 255
150 110 156792928 255
149 112 156792944 255
136 115 156792960 255
129 116 156792976 255
124 117 156792992 255
120 119 156793008 255
119 120 156793024 255
118 122 156793040 255
119 128 156793072 255
128 136 156793088 255
136 139 156793088 255
142 142 156793104 255
147 144 156793120 255
152 146 156793136 255
160 152 156793152 255
169 166 156793168 255
171 169 156793168 255
174 173 156793184 255
172 180 156793200 255
158 198 156793216 255
153 203 156793232 255
140 207 156793248 255
124 212 156793280 255
113 214 156793280 255
103 215 156793296 255
93 214 156793328 255
90 213 156793360 255
