23
124 89 156850064 255
119 93 156850096 255
118 101 156850112 255
110 119 156850128 255
102 131 156850144 255
94 158 156850176 255
93 169 156850176 255
91 187 156850192 255
90 207 156850192 255
92 227 156850224 255
103 237 156850240 255
109 239 156850256 255
121 238 156850272 255
137 222 156850288 255
144 211 156850304 255
150 192 156850320 255
150 189 156850320 255
150 184 156850336 255
146 181 156850352 255
128 179 156850384 255
119 179 156850384 255
105 179 156850384 255
84 184 156850432 255
