31
94 81 156200656 255
101 77 156200672 255
107 74 156200688 255
114 72 156200704 255
118 73 156200720 255
135 74 156200752 255
141 77 156200768 255
144 79 156200768 255
147 83 156200800 255
146 91 156200816 255
140 100 156200832 255
125 111 156200848 255
121 115 156200864 255
115 124 156200880 255
112 128 156200896 255
112 132 156200912 255
114 138 156200944 255
115 139 156200944 255
118 142 156200960 255
125 144 156200960 255
139 150 156200992 255
143 160 156201008 255
146 168 156201008 255
147 180 156201040 255
146 192 156201056 255
139 199 156201072 255
128 206 156201088 255
125 208 156201088 255
121 212 156201104 255
115 214 156201120 255
97 212 156201168 255
