28
84 114 156806144 255
92 112 156806208 255
102 111 156806224 255
109 109 156806224 255
122 101 156806256 255
132 97 156806272 255
138 95 156806288 255
145 100 156806304 255
147 104 156806320 255
147 107 156806336 255
146 113 156806352 255
141 124 156806368 255
133 134 156806384 255
130 138 156806400 255
123 160 156806416 255
119 175 156806416 255
110 200 156806448 255
104 213 156806464 255
100 223 156806480 255
98 232 156806496 255
100 234 156806512 255
103 233 156806528 255
106 226 156806560 255
86 180 156806784 255
94 180 156806800 255
109 180 156806816 255
126 181 156806832 255
149 181 156806880 255
