46
85 86 156159328 255
87 83 156159376 255
88 82 156159376 255
92 81 156159392 255
101 81 156159408 255
109 80 156159424 255
114 79 156159456 255
118 80 156159456 255
121 80 156159472 255
137 82 156159504 255
142 83 156159520 255
145 84 156159520 255
148 87 156159552 255
148 95 156159568 255
148 102 156159584 255
138 109 156159600 255
130 111 156159616 255
125 113 156159632 255
118 115 156159648 255
116 115 156159664 255
114 115 156159680 255
111 116 156159712 255
112 115 156159744 255
113 115 156159744 255
116 116 156159776 255
118 116 156159776 255
124 122 156159808 255
136 133 156159824 255
141 138 156159840 255
145 143 156159856 255
147 147 156159872 255
148 151 156159888 255
148 162 156159904 255
148 165 156159904 255
147 171 156159920 255
145 175 156159936 255
137 180 156159968 255
134 182 156159968 255
128 184 156159968 255
122 186 156159984 255
109 190 156160016 255
105 192 156160016 255
98 194 156160032 255
93 195 156160032 255
86 197 156160064 255
85 197 156160112 255
