30
114 124 95672960 255
107 125 95672992 255
104 126 95673008 255
98 136 95673024 255
95 141 95673032 255
90 153 95673056 255
88 160 95673072 255
85 168 95673080 255
83 175 95673088 255
80 197 95673112 255
80 203 95673128 255
82 211 95673144 255
83 215 95673160 255
85 219 95673168 255
88 222 95673176 255
98 226 95673200 255
103 226 95673216 255
113 222 95673232 255
126 217 95673248 255
132 209 95673264 255
140 195 95673288 255
142 188 95673296 255
144 171 95673320 255
144 166 95673328 255
141 162 95673344 255
130 146 95673360 255
126 140 95673376 255
124 137 95673384 255
119 132 95673408 255
117 130 95673440 255
