27
118 154 95646008 255
115 157 95646056 255
114 161 95646064 255
109 170 95646088 255
106 175 95646096 255
99 187 95646120 255
94 203 95646136 255
93 211 95646152 255
93 227 95646176 255
96 231 95646184 255
104 237 95646208 255
108 238 95646216 255
112 239 95646224 255
126 232 95646248 255
133 226 95646256 255
139 221 95646272 255
149 200 95646296 255
152 193 95646304 255
153 188 95646312 255
153 181 95646328 255
151 170 95646344 255
150 166 95646352 255
144 161 95646384 255
139 160 95646392 255
134 160 95646400 255
129 162 95646416 255
124 166 95646448 255
