99
155 78 95203024 255
153 74 95203056 255
152 73 95203072 255
151 71 95203080 255
151 71 95203096 255
151 70 95203104 255
150 70 95203120 255
149 69 95203136 255
149 69 95203144 255
148 69 95203144 255
146 68 95203160 255
144 68 95203176 255
138 67 95203184 255
126 68 95203216 255
123 69 95203224 255
121 71 95203240 255
120 73 95203248 255
116 79 95203264 255
111 84 95203280 255
103 87 95203288 255
93 91 95203320 255
91 92 95203328 255
89 93 95203344 255
88 96 95203368 255
88 96 95203368 255
87 98 95203384 255
87 100 95203400 255
87 104 95203408 255
87 111 95203440 255
87 114 95203448 255
88 116 95203464 255
91 120 95203488 255
96 121 95203504 255
102 122 95203512 255
110 123 95203544 255
111 123 95203544 255
114 123 95203552 255
117 124 95203568 255
120 124 95203584 255
125 125 95203600 255
132 125 95203608 255
142 127 95203632 255
145 128 95203648 255
147 129 95203664 255
149 130 95203672 255
150 133 95203688 255
154 137 95203712 255
157 138 95203728 255
160 141 95203744 255
168 147 95203768 255
170 149 95203776 255
173 151 95203792 255
174 153 95203808 255
176 156 95203832 255
176 158 95203840 255
176 164 95203856 255
174 175 95203888 255
172 178 95203896 255
167 181 95203912 255
159 183 95203936 255
157 184 95203936 255
147 188 95203960 255
138 191 95203976 255
129 192 95203992 255
124 193 95204000 255
117 191 95204032 255
114 190 95204040 255
111 188 95204056 255
106 186 95204080 255
104 183 95204096 255
103 181 95204104 255
105 176 95204120 255
109 167 95204144 255
110 163 95204160 255
111 160 95204176 255
113 159 95204192 255
114 156 95204216 255
115 155 95204224 255
116 154 95204240 255
117 152 95204256 255
120 142 95204280 255
122 137 95204288 255
125 133 95204304 255
135 128 95204328 255
137 127 95204336 255
141 125 95204344 255
146 121 95204368 255
148 114 95204384 255
149 108 95204400 255
150 103 95204408 255
152 97 95204432 255
153 96 95204448 255
153 94 95204464 255
153 91 95204488 255
153 86 95204504 255
152 83 95204512 255
150 76 95204544 255
150 73 95204552 255
148 71 95204592 255
