70
84 89 95200216 255
91 91 95200320 255
96 92 95200336 255
108 91 95200360 255
110 91 95200368 255
117 90 95200392 255
120 90 95200408 255
130 89 95200432 255
134 89 95200432 255
139 89 95200448 255
143 89 95200464 255
146 88 95200472 255
147 88 95200488 255
148 89 95200488 255
149 89 95200496 255
149 90 95200512 255
150 90 95200528 255
150 92 95200552 255
149 93 95200568 255
149 94 95200584 255
148 99 95200608 255
147 105 95200616 255
145 111 95200632 255
141 118 95200656 255
139 119 95200656 255
134 122 95200672 255
129 126 95200688 255
125 136 95200712 255
122 145 95200728 255
121 149 95200736 255
119 153 95200760 255
119 155 95200760 255
118 158 95200776 255
117 163 95200792 255
115 175 95200816 255
114 179 95200832 255
113 181 95200848 255
111 184 95200856 255
105 187 95200880 255
103 188 95200896 255
99 190 95200912 255
94 197 95200936 255
93 201 95200944 255
92 205 95200960 255
90 210 95200992 255
90 211 95201000 255
89 212 95201016 255
89 213 95201024 255
91 212 95201048 255
91 212 95201088 255
86 150 95201328 255
91 153 95201416 255
98 153 95201432 255
105 153 95201448 255
111 153 95201472 255
113 153 95201472 255
115 152 95201488 255
117 152 95201496 255
122 152 95201520 255
127 152 95201536 255
132 152 95201552 255
139 152 95201576 255
140 151 95201576 255
142 151 95201592 255
144 151 95201600 255
145 151 95201616 255
147 150 95201648 255
148 150 95201656 255
148 150 95201664 255
149 149 95201712 255
