35
89 142 95650656 255
89 139 95650720 255
91 139 95650728 255
100 139 95650752 255
104 138 95650760 255
112 137 95650784 255
116 136 95650792 255
121 136 95650808 255
126 136 95650816 255
134 141 95650840 255
135 143 95650848 255
132 148 95650864 255
129 151 95650880 255
122 159 95650904 255
114 168 95650928 255
109 171 95650936 255
104 175 95650960 255
106 177 95650976 255
109 177 95650992 255
111 176 95651000 255
114 176 95651008 255
121 176 95651024 255
133 175 95651040 255
138 176 95651056 255
144 179 95651072 255
146 182 95651080 255
147 185 95651096 255
147 190 95651112 255
139 200 95651128 255
133 204 95651144 255
119 210 95651160 255
112 212 95651176 255
106 213 95651184 255
101 213 95651192 255
98 213 95651232 255
