35
160 197 2063352 255
160 218 2063401 255
153 253 2063418 255
149 287 2063434 255
146 310 2063450 255
144 326 2063467 255
143 337 2063483 255
143 353 2063500 255
149 362 2063516 255
161 366 2063533 255
179 367 2063549 255
204 364 2063565 255
226 355 2063582 255
250 347 2063598 255
273 339 2063615 255
286 337 2063631 255
293 336 2063648 255
296 336 2063664 255
296 335 2063678 255
296 337 2063717 255
226 264 2063828 255
226 264 2063878 255
226 273 2063894 255
226 301 2063910 255
226 321 2063927 255
222 358 2063943 255
221 375 2063960 255
218 408 2063976 255
218 423 2063993 255
218 436 2064009 255
217 446 2064025 255
215 452 2064042 255
214 455 2064058 255
214 456 2064075 255
214 456 2064115 255
