35
135 354 2093665 255
135 354 2093691 255
165 340 2093711 255
184 324 2093728 255
214 301 2093744 255
230 281 2093760 255
239 261 2093777 255
245 242 2093793 255
246 233 2093810 255
246 229 2093826 255
246 235 2093843 255
246 244 2093859 255
240 268 2093875 255
231 311 2093892 255
224 349 2093908 255
215 371 2093925 255
203 411 2093941 255
197 436 2093958 255
191 458 2093974 255
185 465 2093990 255
177 471 2094007 255
168 471 2094023 255
163 466 2094040 255
161 462 2094056 255
167 458 2094073 255
176 455 2094089 255
190 449 2094105 255
216 443 2094122 255
238 442 2094138 255
263 440 2094155 255
277 440 2094171 255
285 440 2094188 255
290 440 2094204 255
292 440 2094220 255
293 440 2094267 255
