44
221 176 2283222 255
213 176 2283246 255
205 184 2283263 255
199 192 2283279 255
188 207 2283296 255
169 231 2283312 255
153 263 2283329 255
148 284 2283345 255
145 311 2283361 255
147 320 2283378 255
155 328 2283394 255
170 332 2283411 255
194 332 2283427 255
221 323 2283444 255
250 300 2283460 255
272 276 2283476 255
285 238 2283493 255
286 214 2283509 255
286 193 2283526 255
285 181 2283542 255
281 171 2283559 255
279 166 2283575 255
277 164 2283591 255
274 164 2283608 255
273 167 2283624 255
273 170 2283641 255
275 174 2283657 255
277 181 2283674 255
279 197 2283690 255
281 214 2283706 255
284 249 2283723 255
284 271 2283739 255
285 312 2283756 255
280 346 2283772 255
277 369 2283789 255
275 397 2283805 255
274 416 2283821 255
273 428 2283838 255
272 437 2283854 255
270 446 2283871 255
269 455 2283887 255
268 458 2283904 255
268 459 2283920 255
268 460 2283953 255
