35
110 247 2068918 255
115 251 2068954 255
127 254 2068971 255
157 251 2068987 255
187 248 2069003 255
218 244 2069020 255
239 244 2069036 255
261 243 2069053 255
275 245 2069069 255
282 249 2069086 255
285 256 2069102 255
286 262 2069119 255
283 273 2069135 255
274 294 2069151 255
261 318 2069168 255
252 346 2069184 255
245 373 2069201 255
239 402 2069217 255
235 419 2069234 255
230 444 2069250 255
225 461 2069266 255
221 470 2069283 255
218 474 2069299 255
218 477 2069316 255
218 477 2069355 255
198 339 2069473 255
198 339 2069510 255
219 339 2069529 255
247 339 2069546 255
274 338 2069562 255
295 338 2069579 255
313 336 2069595 255
324 335 2069611 255
330 335 2069628 255
331 335 2069664 255
