32
188 235 2276993 255
188 250 2277020 255
188 262 2277036 255
185 270 2277053 255
185 282 2277069 255
185 288 2277086 255
190 290 2277102 255
204 297 2277118 255
229 312 2277135 255
249 322 2277151 255
265 330 2277168 255
273 339 2277184 255
275 352 2277201 255
269 364 2277217 255
257 372 2277233 255
241 381 2277250 255
211 393 2277266 255
187 406 2277283 255
164 408 2277299 255
150 405 2277316 255
145 404 2277347 255
194 227 2277506 255
204 225 2277562 255
218 224 2277578 255
237 223 2277595 255
264 222 2277611 255
287 221 2277628 255
314 221 2277644 255
337 221 2277661 255
353 221 2277677 255
363 221 2277693 255
366 221 2277722 255
