27
210 234 2294684 255
203 242 2294732 255
199 253 2294749 255
191 272 2294765 255
182 302 2294782 255
176 318 2294798 255
167 353 2294815 255
166 380 2294831 255
174 418 2294847 255
181 438 2294864 255
188 455 2294880 255
196 462 2294897 255
210 460 2294913 255
224 454 2294930 255
238 440 2294946 255
272 401 2294962 255
287 370 2294979 255
293 330 2294995 255
294 293 2295012 255
289 266 2295028 255
276 240 2295045 255
258 228 2295061 255
246 224 2295077 255
234 225 2295094 255
218 235 2295110 255
199 259 2295127 255
192 269 2295153 255
