32
166 198 2301053 255
165 215 2301090 255
155 236 2301107 255
145 277 2301123 255
141 306 2301140 255
140 321 2301156 255
140 335 2301173 255
147 357 2301189 255
167 371 2301206 255
196 380 2301222 255
224 382 2301238 255
257 382 2301255 255
277 376 2301271 255
289 372 2301288 255
296 369 2301304 255
300 368 2301321 255
301 368 2301337 255
301 370 2301375 255
261 243 2301493 255
258 255 2301534 255
255 281 2301551 255
249 332 2301567 255
242 366 2301583 255
236 401 2301600 255
234 418 2301616 255
231 446 2301633 255
231 461 2301649 255
231 469 2301666 255
231 473 2301682 255
231 474 2301698 255
231 473 2301715 255
231 472 2301740 255
