39
213 227 2070655 255
208 236 2070696 255
203 245 2070712 255
195 263 2070729 255
187 281 2070745 255
183 300 2070761 255
182 311 2070778 255
187 322 2070794 255
209 345 2070811 255
230 366 2070827 255
245 377 2070844 255
261 389 2070860 255
268 398 2070876 255
271 407 2070893 255
272 415 2070909 255
266 420 2070926 255
256 425 2070942 255
242 429 2070959 255
225 431 2070975 255
207 429 2070991 255
197 424 2071008 255
189 411 2071024 255
187 397 2071041 255
191 383 2071057 255
200 368 2071074 255
217 344 2071090 255
226 332 2071106 255
234 309 2071123 255
239 289 2071139 255
243 266 2071156 255
244 248 2071172 255
244 233 2071189 255
241 223 2071205 255
239 216 2071221 255
235 213 2071238 255
230 213 2071254 255
225 215 2071271 255
221 219 2071287 255
220 220 2071314 255
