35
223 189 2302567 255
223 196 2302586 255
223 208 2302602 255
207 245 2302618 255
193 281 2302635 255
184 308 2302651 255
181 318 2302668 255
181 323 2302684 255
186 327 2302701 255
214 346 2302717 255
236 366 2302733 255
254 375 2302750 255
267 382 2302766 255
274 391 2302783 255
276 399 2302799 255
266 406 2302816 255
255 415 2302832 255
243 420 2302848 255
222 426 2302865 255
202 428 2302881 255
177 429 2302898 255
159 425 2302914 255
150 416 2302931 255
147 407 2302959 255
239 215 2303120 255
256 213 2303210 255
272 212 2303226 255
282 212 2303243 255
292 213 2303259 255
302 214 2303276 255
310 214 2303292 255
315 214 2303308 255
319 214 2303325 255
321 216 2303341 255
321 217 2303368 255
