38
184 229 2274076 255
184 222 2274112 255
188 220 2274128 255
198 215 2274145 255
213 212 2274161 255
225 211 2274178 255
235 214 2274194 255
252 219 2274210 255
268 225 2274227 255
281 242 2274243 255
287 254 2274260 255
289 265 2274276 255
283 297 2274293 255
268 317 2274309 255
251 334 2274325 255
234 344 2274342 255
213 350 2274358 255
203 350 2274375 255
198 344 2274391 255
196 340 2274408 255
204 335 2274424 255
214 332 2274440 255
224 331 2274457 255
237 331 2274473 255
252 336 2274490 255
265 345 2274506 255
274 357 2274523 255
278 366 2274539 255
280 373 2274556 255
279 381 2274572 255
266 394 2274588 255
247 415 2274605 255
226 425 2274621 255
205 430 2274638 255
189 433 2274654 255
169 433 2274671 255
152 426 2274687 255
145 422 2274717 255
