34
130 244 2103392 255
130 239 2103421 255
132 239 2103437 255
140 237 2103454 255
170 233 2103470 255
201 229 2103486 255
227 227 2103503 255
250 226 2103519 255
268 226 2103536 255
275 229 2103552 255
279 236 2103569 255
279 242 2103585 255
266 265 2103601 255
250 300 2103618 255
238 337 2103634 255
230 362 2103651 255
221 390 2103667 255
213 413 2103684 255
208 426 2103700 255
205 440 2103716 255
202 450 2103733 255
200 460 2103749 255
200 464 2103766 255
200 465 2103782 255
200 465 2103809 255
190 330 2103909 255
190 330 2103946 255
205 333 2103963 255
231 333 2103979 255
263 333 2103996 255
285 332 2104012 255
303 332 2104029 255
317 332 2104045 255
325 332 2104078 255
