37
148 321 2271247 255
153 313 2271303 255
167 295 2271319 255
178 276 2271335 255
187 251 2271352 255
195 227 2271368 255
217 196 2271385 255
225 180 2271401 255
228 174 2271418 255
230 171 2271434 255
231 175 2271450 255
231 183 2271467 255
231 209 2271483 255
231 247 2271500 255
226 295 2271516 255
220 341 2271533 255
209 379 2271549 255
198 412 2271565 255
189 425 2271582 255
173 437 2271598 255
159 443 2271615 255
151 445 2271631 255
146 442 2271648 255
144 440 2271664 255
143 438 2271680 255
150 437 2271697 255
163 435 2271713 255
177 434 2271730 255
207 433 2271746 255
228 433 2271763 255
250 432 2271779 255
265 432 2271795 255
274 432 2271812 255
279 431 2271828 255
281 430 2271845 255
284 430 2271861 255
286 430 2271900 255
