53
99 68 210040224 255
106 69 210040368 255
110 69 210040384 255
119 70 210040416 255
124 70 210040416 255
134 70 210040448 255
138 70 210040464 255
139 71 210040480 255
137 73 210040496 255
134 73 210040512 255
126 74 210040528 255
114 75 210040544 255
109 74 210040560 255
99 73 210040576 255
94 72 210040592 255
92 72 210040608 255
89 73 210040640 255
88 74 210040640 255
86 78 210040672 255
86 81 210040672 255
84 88 210040704 255
83 95 210040720 255
82 99 210040736 255
81 107 210040752 255
81 109 210040768 255
81 113 210040784 255
81 115 210040800 255
82 116 210040816 255
83 116 210040816 255
86 115 210040848 255
89 113 210040848 255
98 113 210040880 255
102 113 210040880 255
106 113 210040896 255
112 114 210040912 255
124 116 210040928 255
129 119 210040944 255
138 125 210040960 255
140 129 210040976 255
142 134 210040976 255
143 138 210040992 255
139 148 210041008 255
131 156 210041024 255
126 161 210041056 255
109 170 210041072 255
99 174 210041088 255
82 177 210041104 255
75 178 210041120 255
64 178 210041136 255
59 177 210041136 255
54 174 210041168 255
53 172 210041184 255
55 169 210041216 255
