32
161 75 209585120 255
154 75 209585168 255
149 76 209585184 255
139 80 209585200 255
132 84 209585216 255
117 92 209585232 255
106 99 209585248 255
96 108 209585248 255
87 116 209585264 255
73 130 209585280 255
68 138 209585296 255
63 150 209585312 255
61 158 209585328 255
61 163 209585344 255
61 169 209585344 255
67 178 209585360 255
73 181 209585376 255
86 183 209585408 255
94 182 209585408 255
108 179 209585440 255
117 174 209585456 255
122 166 209585472 255
123 163 209585488 255
123 160 209585504 255
122 157 209585520 255
119 155 209585520 255
109 151 209585552 255
103 149 209585552 255
91 148 209585584 255
86 147 209585584 255
77 147 209585616 255
74 150 209585664 255
