35
156 97 209558048 255
150 94 209558096 255
145 94 209558096 255
134 93 209558128 255
129 93 209558128 255
114 96 209558160 255
108 98 209558160 255
103 100 209558176 255
98 103 209558192 255
91 109 209558208 255
89 112 209558224 255
90 118 209558240 255
98 127 209558272 255
103 131 209558272 255
116 141 209558304 255
125 148 209558304 255
135 159 209558336 255
138 167 209558352 255
137 170 209558368 255
132 174 209558384 255
129 175 209558400 255
122 173 209558416 255
120 171 209558432 255
119 167 209558432 255
119 163 209558448 255
121 157 209558448 255
129 145 209558480 255
137 137 209558496 255
150 123 209558512 255
154 119 209558528 255
159 112 209558544 255
161 105 209558560 255
160 103 209558576 255
158 100 209558592 255
155 98 209558624 255
