36
79 68 210044288 255
84 67 210044352 255
88 67 210044368 255
100 66 210044384 255
107 66 210044400 255
122 66 210044416 255
128 67 210044432 255
133 67 210044448 255
136 68 210044448 255
140 73 210044480 255
141 76 210044480 255
136 86 210044512 255
129 99 210044528 255
123 110 210044544 255
107 135 210044560 255
99 146 210044576 255
90 167 210044592 255
88 175 210044608 255
84 184 210044608 255
78 200 210044640 255
75 206 210044656 255
73 211 210044656 255
71 218 210044688 255
70 223 210044704 255
71 224 210044720 255
72 225 210044752 255
69 146 210044896 255
77 146 210044960 255
81 146 210044960 255
94 144 210044992 255
101 143 210044992 255
116 141 210045024 255
124 140 210045024 255
129 139 210045040 255
134 137 210045040 255
140 133 210045088 255
