37
152 96 209560096 255
143 94 209560144 255
138 94 209560160 255
133 94 209560176 255
122 99 209560192 255
115 102 209560208 255
109 105 209560224 255
105 107 209560224 255
99 113 209560256 255
97 116 209560256 255
95 122 209560288 255
96 125 209560288 255
98 128 209560304 255
102 129 209560320 255
113 129 209560336 255
119 128 209560352 255
132 123 209560368 255
137 120 209560384 255
141 117 209560384 255
146 111 209560416 255
149 107 209560432 255
149 106 209560448 255
149 106 209560464 255
148 107 209560480 255
146 113 209560496 255
145 117 209560512 255
143 126 209560528 255
143 132 209560544 255
142 143 209560560 255
143 156 209560576 255
143 163 209560592 255
143 169 209560608 255
142 175 209560624 255
142 180 209560624 255
140 190 209560656 255
138 194 209560656 255
136 197 209560704 255
