76
149 101 2840504 255
148 96 2840520 255
147 93 2840533 255
145 90 2840552 255
143 88 2840565 255
132 84 2840590 255
126 83 2840602 255
119 83 2840615 255
102 83 2840641 255
96 84 2840654 255
87 87 2840677 255
84 89 2840678 255
79 96 2840693 255
74 103 2840705 255
69 110 2840729 255
68 112 2840730 255
68 116 2840742 255
69 124 2840757 255
74 135 2840781 255
76 137 2840782 255
82 142 2840794 255
90 145 2840806 255
100 148 2840821 255
113 149 2840840 255
120 148 2840852 255
131 147 2840871 255
136 145 2840885 255
142 140 2840910 255
143 134 2840922 255
144 129 2840934 255
145 120 2840961 255
146 117 2840973 255
146 115 2840986 255
147 113 2841012 255
147 112 2841013 255
148 111 2841025 255
148 109 2841037 255
149 108 2841050 255
149 106 2841077 255
149 105 2841089 255
149 101 2841114 255
150 98 2841126 255
150 94 2841153 255
150 93 2841164 255
150 91 2841188 255
149 91 2841204 255
149 92 2841223 255
149 95 2841235 255
149 98 2841254 255
149 102 2841267 255
149 107 2841292 255
149 110 2841304 255
149 112 2841317 255
150 119 2841343 255
150 124 2841344 255
150 132 2841356 255
150 138 2841368 255
150 141 2841380 255
150 152 2841396 255
150 162 2841408 255
150 169 2841420 255
150 180 2841445 255
150 191 2841459 255
150 199 2841472 255
149 209 2841497 255
149 216 2841509 255
149 228 2841535 255
149 231 2841536 255
148 238 2841560 255
148 239 2841573 255
148 241 2841587 255
148 242 2841612 255
148 242 2841624 255
148 243 2841637 255
148 243 2841651 255
148 243 2841699 255
