44
121 83 3266640 255
109 82 3266681 255
105 82 3266688 255
91 83 3266714 255
80 83 3266727 255
67 89 3266750 255
64 92 3266751 255
59 99 3266766 255
57 105 3266779 255
56 111 3266802 255
56 112 3266803 255
58 115 3266816 255
64 121 3266830 255
80 133 3266854 255
87 136 3266867 255
96 138 3266879 255
109 133 3266906 255
114 127 3266919 255
120 118 3266943 255
121 115 3266958 255
122 112 3266971 255
123 109 3266994 255
123 107 3266995 255
123 105 3267008 255
123 103 3267033 255
123 104 3267047 255
123 105 3267059 255
123 106 3267072 255
122 111 3267098 255
122 114 3267111 255
122 128 3267134 255
121 145 3267150 255
121 158 3267162 255
121 171 3267186 255
121 175 3267187 255
121 186 3267199 255
120 196 3267214 255
120 206 3267238 255
120 209 3267251 255
120 211 3267263 255
120 213 3267290 255
120 213 3267303 255
120 214 3267315 255
120 213 3267377 255
