34
69 98 3260902 255
75 97 3260924 255
79 94 3260936 255
88 96 3260957 255
99 98 3260969 255
114 102 3260993 255
118 103 3260994 255
125 105 3261006 255
132 106 3261021 255
138 108 3261044 255
141 111 3261058 255
142 112 3261070 255
143 115 3261096 255
141 125 3261109 255
139 134 3261122 255
131 150 3261148 255
129 157 3261149 255
123 168 3261161 255
118 184 3261174 255
104 204 3261198 255
99 216 3261213 255
95 226 3261226 255
89 238 3261250 255
86 243 3261263 255
84 253 3261277 255
81 264 3261302 255
81 266 3261314 255
81 267 3261326 255
80 267 3261389 255
90 207 3261670 255
96 207 3261710 255
109 208 3261726 255
122 208 3261738 255
134 208 3261775 255
