39
143 93 3275651 255
144 88 3275662 255
144 86 3275681 255
143 86 3275694 255
136 85 3275719 255
131 85 3275731 255
127 86 3275744 255
120 97 3275771 255
116 104 3275783 255
100 125 3275807 255
94 135 3275823 255
88 146 3275835 255
81 167 3275859 255
78 173 3275871 255
77 183 3275887 255
79 201 3275911 255
81 208 3275924 255
83 217 3275936 255
89 230 3275963 255
93 232 3275975 255
98 233 3275987 255
103 231 3275999 255
109 224 3276015 255
114 219 3276027 255
123 210 3276050 255
133 194 3276063 255
139 185 3276078 255
147 162 3276103 255
149 154 3276116 255
151 144 3276128 255
150 125 3276154 255
149 119 3276167 255
146 110 3276190 255
144 107 3276191 255
141 99 3276206 255
138 93 3276219 255
133 88 3276242 255
129 86 3276255 255
128 86 3276300 255
