38
88 116 2825031 255
95 113 2825098 255
99 112 2825099 255
107 107 2825111 255
115 102 2825123 255
127 96 2825150 255
131 95 2825151 255
137 95 2825163 255
140 98 2825175 255
144 105 2825200 255
145 108 2825215 255
146 111 2825227 255
144 125 2825252 255
141 134 2825264 255
134 145 2825279 255
122 167 2825303 255
113 177 2825316 255
104 190 2825328 255
99 195 2825342 255
86 209 2825355 255
76 221 2825367 255
65 233 2825391 255
59 238 2825407 255
57 240 2825419 255
57 242 2825443 255
60 243 2825456 255
67 243 2825471 255
76 243 2825483 255
81 243 2825495 255
87 244 2825496 255
101 244 2825508 255
115 244 2825520 255
144 244 2825547 255
165 244 2825572 255
172 244 2825584 255
176 244 2825600 255
180 244 2825624 255
180 244 2825680 255
