34
149 82 106718792 255
140 82 106718832 255
135 83 106718848 255
126 86 106718864 255
119 88 106718880 255
106 91 106718896 255
98 98 106718912 255
95 103 106718928 255
92 112 106718952 255
93 115 106718960 255
103 125 106718984 255
129 147 106719008 255
145 168 106719024 255
149 174 106719040 255
152 182 106719064 255
153 187 106719072 255
152 197 106719096 255
151 201 106719104 255
141 206 106719128 255
131 205 106719144 255
127 201 106719160 255
121 194 106719184 255
120 190 106719192 255
119 176 106719216 255
121 170 106719224 255
136 144 106719232 255
142 133 106719240 255
149 106 106719264 255
149 104 106719280 255
150 99 106719296 255
150 98 106719312 255
151 97 106719320 255
151 96 106719328 255
151 95 106719368 255
