32
163 83 106271880 255
159 78 106271920 255
158 76 106271928 255
154 72 106271952 255
151 71 106271960 255
139 69 106271984 255
128 72 106272008 255
120 76 106272016 255
107 84 106272032 255
99 98 106272048 255
97 113 106272072 255
104 119 106272096 255
108 121 106272104 255
113 123 106272128 255
124 121 106272144 255
130 115 106272160 255
139 103 106272176 255
144 92 106272192 255
148 78 106272208 255
149 75 106272224 255
150 71 106272248 255
150 76 106272264 255
151 80 106272280 255
151 93 106272296 255
151 102 106272312 255
154 174 106272328 255
154 183 106272344 255
154 198 106272352 255
154 205 106272360 255
153 212 106272384 255
153 214 106272400 255
153 215 106272432 255
