35
145 54 106264768 255
146 50 106264808 255
146 48 106264816 255
145 46 106264840 255
141 48 106264848 255
132 53 106264872 255
125 59 106264888 255
120 65 106264904 255
104 82 106264928 255
97 93 106264936 255
89 116 106264960 255
88 130 106264968 255
86 141 106264984 255
84 167 106265000 255
84 175 106265016 255
84 186 106265024 255
85 201 106265048 255
86 205 106265056 255
89 208 106265072 255
94 211 106265080 255
105 214 106265104 255
111 215 106265104 255
127 213 106265136 255
134 208 106265144 255
140 201 106265152 255
148 194 106265168 255
154 176 106265184 255
154 169 106265200 255
151 161 106265216 255
144 159 106265232 255
138 158 106265240 255
132 158 106265256 255
123 166 106265272 255
116 173 106265288 255
110 178 106265312 255
