24
106 105 106733384 255
99 108 106733408 255
96 112 106733424 255
94 117 106733432 255
92 126 106733440 255
88 159 106733456 255
88 174 106733472 255
89 185 106733488 255
94 196 106733496 255
103 203 106733504 255
110 207 106733528 255
122 203 106733552 255
138 189 106733568 255
145 172 106733584 255
149 158 106733592 255
154 137 106733608 255
159 119 106733616 255
155 102 106733640 255
154 99 106733648 255
147 97 106733672 255
140 98 106733680 255
134 104 106733688 255
127 111 106733704 255
109 131 106733736 255
