34
127 97 106705008 255
122 95 106705096 255
121 95 106705112 255
119 95 106705120 255
115 97 106705144 255
110 101 106705152 255
105 105 106705168 255
101 110 106705176 255
94 117 106705200 255
92 122 106705208 255
89 136 106705232 255
88 142 106705240 255
87 155 106705256 255
86 165 106705264 255
87 175 106705288 255
89 179 106705296 255
104 193 106705312 255
108 196 106705328 255
112 196 106705344 255
119 195 106705352 255
132 191 106705376 255
138 189 106705384 255
164 168 106705408 255
175 144 106705424 255
177 133 106705440 255
176 106 106705456 255
168 98 106705472 255
156 81 106705488 255
154 79 106705504 255
148 79 106705512 255
135 84 106705528 255
129 88 106705544 255
119 102 106705560 255
102 117 106705592 255
