95
148 53 162005440 255
141 53 162005552 255
136 53 162005568 255
131 53 162005584 255
127 53 162005584 255
125 53 162005600 255
121 54 162005616 255
120 54 162005632 255
119 54 162005648 255
117 55 162005680 255
116 55 162005680 255
114 55 162005680 255
110 57 162005696 255
99 63 162005728 255
95 70 162005744 255
92 75 162005744 255
88 82 162005776 255
86 83 162005792 255
84 85 162005808 255
79 91 162005824 255
74 97 162005840 255
69 104 162005856 255
62 113 162005872 255
60 115 162005888 255
58 118 162005920 255
57 118 162005920 255
56 123 162005936 255
56 130 162005936 255
54 141 162005968 255
54 145 162005984 255
53 147 162006000 255
53 151 162006016 255
53 152 162006016 255
53 155 162006032 255
53 160 162006048 255
55 170 162006064 255
56 174 162006080 255
58 177 162006112 255
59 178 162006112 255
61 180 162006128 255
65 181 162006128 255
72 182 162006160 255
74 183 162006160 255
77 183 162006176 255
81 184 162006192 255
86 185 162006208 255
88 186 162006208 255
94 187 162006240 255
103 188 162006256 255
108 187 162006256 255
112 187 162006272 255
121 186 162006304 255
127 185 162006320 255
133 185 162006320 255
143 182 162006352 255
147 182 162006368 255
152 180 162006384 255
159 176 162006400 255
161 173 162006400 255
166 168 162006416 255
170 164 162006432 255
173 159 162006448 255
177 153 162006464 255
179 151 162006480 255
180 148 162006496 255
180 146 162006512 255
181 144 162006512 255
182 133 162006528 255
183 124 162006560 255
184 121 162006576 255
184 118 162006576 255
184 111 162006608 255
184 106 162006624 255
183 100 162006640 255
182 92 162006656 255
182 89 162006672 255
181 86 162006688 255
180 82 162006704 255
179 78 162006720 255
179 75 162006736 255
178 69 162006768 255
176 65 162006768 255
175 63 162006784 255
173 60 162006816 255
171 59 162006832 255
169 59 162006832 255
163 57 162006864 255
160 57 162006880 255
158 57 162006896 255
154 57 162006912 255
152 57 162006928 255
151 56 162006944 255
149 56 162006960 255
146 56 162006960 255
142 57 162007008 255
