96
180 55 162023360 255
173 55 162023424 255
163 55 162023440 255
158 55 162023456 255
153 55 162023472 255
147 55 162023488 255
143 55 162023488 255
134 55 162023504 255
128 54 162023520 255
121 54 162023552 255
120 54 162023552 255
116 54 162023552 255
112 54 162023568 255
99 54 162023600 255
96 55 162023616 255
93 55 162023616 255
91 55 162023648 255
90 55 162023664 255
90 55 162023680 255
90 56 162023696 255
90 60 162023712 255
90 69 162023728 255
88 81 162023744 255
88 87 162023760 255
87 100 162023792 255
86 103 162023792 255
85 108 162023808 255
85 112 162023808 255
85 113 162023824 255
85 114 162023840 255
85 114 162023856 255
85 114 162023872 255
85 114 162023888 255
85 114 162023904 255
86 113 162023920 255
86 112 162023936 255
87 111 162023952 255
87 110 162023968 255
89 109 162024000 255
90 108 162024000 255
94 105 162024032 255
95 104 162024032 255
99 102 162024048 255
104 101 162024064 255
112 101 162024080 255
115 101 162024096 255
118 102 162024112 255
126 102 162024128 255
131 103 162024144 255
135 105 162024160 255
139 108 162024176 255
140 108 162024192 255
142 109 162024192 255
144 111 162024192 255
146 113 162024208 255
150 116 162024240 255
153 117 162024256 255
154 119 162024256 255
158 123 162024288 255
159 128 162024304 255
161 133 162024320 255
163 142 162024336 255
163 146 162024352 255
162 148 162024368 255
160 153 162024384 255
158 155 162024400 255
157 161 162024416 255
155 166 162024432 255
154 168 162024448 255
154 169 162024448 255
152 172 162024448 255
150 175 162024464 255
149 176 162024480 255
148 177 162024480 255
145 179 162024496 255
141 180 162024512 255
136 181 162024512 255
126 183 162024544 255
122 183 162024560 255
117 183 162024576 255
105 183 162024592 255
100 183 162024608 255
95 182 162024624 255
91 182 162024640 255
87 182 162024640 255
84 181 162024656 255
78 180 162024688 255
74 180 162024704 255
71 179 162024704 255
65 177 162024736 255
64 176 162024752 255
62 175 162024768 255
60 173 162024784 255
59 172 162024800 255
59 172 162024816 255
61 173 162024848 255
