74
181 56 161970976 255
176 56 161971088 255
169 56 161971104 255
163 56 161971104 255
158 57 161971120 255
154 57 161971136 255
152 58 161971152 255
149 60 161971168 255
139 67 161971184 255
127 76 161971216 255
123 80 161971232 255
120 81 161971232 255
114 84 161971264 255
107 86 161971280 255
98 88 161971296 255
92 95 161971312 255
89 103 161971328 255
88 109 161971344 255
86 113 161971360 255
84 115 161971360 255
82 117 161971376 255
79 121 161971392 255
76 125 161971408 255
69 137 161971424 255
65 142 161971424 255
63 145 161971440 255
60 149 161971472 255
59 151 161971488 255
58 163 161971504 255
58 170 161971520 255
59 174 161971536 255
61 179 161971552 255
65 181 161971568 255
71 184 161971584 255
79 196 161971616 255
82 202 161971616 255
84 206 161971632 255
91 211 161971664 255
100 212 161971680 255
113 214 161971696 255
121 214 161971712 255
131 214 161971728 255
141 213 161971744 255
143 213 161971744 255
147 212 161971760 255
150 211 161971776 255
157 202 161971808 255
161 196 161971808 255
164 191 161971824 255
167 185 161971856 255
166 183 161971872 255
163 182 161971888 255
162 181 161971888 255
159 177 161971904 255
157 171 161971920 255
154 161 161971936 255
154 159 161971936 255
152 156 161971952 255
151 153 161971968 255
149 151 161972000 255
149 150 161972000 255
143 149 161972016 255
134 148 161972032 255
129 148 161972048 255
121 147 161972064 255
119 147 161972080 255
114 147 161972096 255
98 148 161972128 255
93 149 161972128 255
89 149 161972144 255
82 151 161972176 255
76 151 161972192 255
69 154 161972192 255
67 159 161972240 255
