29
84 54 162578544 255
98 54 162578608 255
107 54 162578624 255
114 54 162578624 255
134 54 162578656 255
140 53 162578672 255
144 53 162578688 255
148 54 162578704 255
149 55 162578720 255
149 56 162578736 255
147 71 162578752 255
145 77 162578768 255
139 84 162578784 255
126 105 162578816 255
122 113 162578816 255
114 134 162578848 255
108 143 162578864 255
102 152 162578880 255
95 169 162578896 255
93 174 162578912 255
91 178 162578928 255
90 183 162578944 255
89 185 162578960 255
89 184 162578976 255
89 185 162578992 255
89 185 162579024 255
89 185 162579024 255
90 184 162579056 255
91 183 162579088 255
