80
152 53 161963408 255
148 57 161963568 255
144 66 161963584 255
138 74 161963600 255
129 80 161963616 255
122 84 161963632 255
119 91 161963648 255
110 104 161963664 255
98 111 161963680 255
94 114 161963696 255
88 117 161963728 255
86 119 161963728 255
84 120 161963744 255
82 122 161963760 255
79 124 161963776 255
77 126 161963792 255
75 130 161963808 255
75 130 161963824 255
75 131 161963840 255
76 130 161963856 255
78 131 161963872 255
79 130 161963888 255
81 133 161963920 255
82 131 161963920 255
84 133 161963936 255
86 135 161963968 255
87 135 161963968 255
90 135 161963984 255
94 135 161963984 255
105 138 161964016 255
110 138 161964032 255
114 139 161964048 255
123 138 161964064 255
128 139 161964080 255
134 140 161964096 255
143 139 161964112 255
146 139 161964128 255
149 140 161964144 255
155 138 161964176 255
158 139 161964176 255
165 137 161964208 255
168 138 161964224 255
170 138 161964240 255
173 137 161964256 255
174 137 161964272 255
174 137 161964288 255
174 137 161964304 255
175 138 161964320 255
175 138 161964336 255
174 139 161964368 255
174 140 161964368 255
174 141 161964416 255
177 89 161964736 255
177 94 161964784 255
176 101 161964800 255
175 106 161964816 255
174 112 161964832 255
172 114 161964848 255
166 121 161964880 255
162 131 161964880 255
159 139 161964896 255
155 153 161964928 255
154 164 161964944 255
152 176 161964960 255
152 181 161964976 255
151 191 161964992 255
150 204 161965008 255
150 208 161965024 255
149 210 161965040 255
149 213 161965072 255
148 215 161965072 255
148 217 161965088 255
148 221 161965120 255
148 226 161965136 255
148 231 161965152 255
148 232 161965168 255
148 233 161965184 255
148 233 161965200 255
148 232 161965216 255
149 232 161965264 255
