78
112 83 162035632 255
106 83 162035680 255
101 84 162035696 255
97 85 162035696 255
92 86 162035728 255
90 87 162035744 255
89 88 162035760 255
87 95 162035776 255
86 102 162035792 255
85 109 162035824 255
85 113 162035824 255
86 115 162035840 255
88 118 162035872 255
89 119 162035872 255
92 120 162035888 255
97 122 162035888 255
106 124 162035920 255
110 125 162035936 255
113 125 162035952 255
118 124 162035968 255
120 123 162035984 255
123 122 162036000 255
130 120 162036016 255
134 118 162036032 255
138 117 162036048 255
142 114 162036080 255
144 113 162036096 255
145 107 162036112 255
145 102 162036128 255
145 98 162036144 255
143 92 162036160 255
141 90 162036176 255
137 88 162036192 255
129 86 162036208 255
126 85 162036224 255
123 85 162036240 255
119 84 162036272 255
118 84 162036272 255
116 84 162036272 255
113 85 162036288 255
107 86 162036352 255
154 108 162036800 255
153 112 162036848 255
153 113 162036864 255
153 115 162036880 255
152 117 162036896 255
152 118 162036912 255
151 119 162036928 255
151 126 162036960 255
151 134 162036960 255
151 140 162036976 255
150 148 162037008 255
149 150 162037024 255
149 155 162037024 255
147 170 162037056 255
147 175 162037072 255
145 180 162037088 255
144 182 162037104 255
144 184 162037120 255
141 190 162037152 255
139 193 162037152 255
137 196 162037168 255
131 202 162037200 255
128 203 162037216 255
125 204 162037216 255
120 205 162037248 255
117 205 162037264 255
113 205 162037280 255
102 205 162037296 255
97 204 162037312 255
90 203 162037328 255
85 202 162037344 255
82 202 162037360 255
79 201 162037392 255
79 200 162037392 255
78 200 162037408 255
78 200 162037408 255
79 201 162037456 255
