55
154 88 162604672 255
149 86 162604720 255
141 86 162604736 255
132 86 162604752 255
113 86 162604768 255
102 86 162604784 255
95 86 162604800 255
87 86 162604832 255
85 85 162604832 255
84 85 162604848 255
84 85 162604880 255
84 86 162604896 255
84 87 162604912 255
84 88 162604928 255
83 106 162604960 255
80 112 162604960 255
75 118 162604976 255
67 135 162605008 255
65 139 162605024 255
64 142 162605024 255
65 143 162605056 255
68 143 162605072 255
75 142 162605088 255
81 139 162605104 255
84 136 162605120 255
89 132 162605136 255
98 129 162605152 255
106 126 162605152 255
111 127 162605168 255
117 130 162605200 255
119 131 162605200 255
123 137 162605216 255
129 142 162605216 255
138 147 162605248 255
139 148 162605248 255
142 158 162605264 255
143 167 162605280 255
144 176 162605296 255
143 178 162605296 255
141 181 162605312 255
135 186 162605328 255
125 199 162605344 255
121 202 162605360 255
116 206 162605376 255
97 210 162605408 255
91 211 162605408 255
83 211 162605424 255
78 211 162605440 255
66 208 162605456 255
62 201 162605472 255
59 196 162605472 255
58 193 162605488 255
56 188 162605504 255
55 186 162605520 255
55 185 162605568 255
