70
93 57 161957424 255
99 58 161957440 255
102 58 161957456 255
106 58 161957472 255
113 57 161957504 255
116 57 161957504 255
119 57 161957520 255
126 58 161957552 255
132 59 161957568 255
136 60 161957568 255
143 64 161957600 255
145 68 161957616 255
148 76 161957632 255
149 79 161957648 255
150 82 161957664 255
151 85 161957696 255
151 88 161957696 255
151 94 161957712 255
149 106 161957744 255
148 111 161957760 255
147 114 161957760 255
144 120 161957792 255
141 124 161957808 255
134 137 161957824 255
129 142 161957840 255
126 145 161957856 255
120 150 161957888 255
118 152 161957888 255
115 155 161957904 255
108 165 161957936 255
102 171 161957952 255
98 174 161957952 255
91 179 161957984 255
88 181 161958000 255
82 184 161958016 255
79 186 161958032 255
74 189 161958048 255
66 198 161958080 255
63 202 161958080 255
60 205 161958112 255
59 207 161958112 255
57 209 161958144 255
57 209 161958160 255
57 209 161958160 255
57 210 161958192 255
57 209 161958192 255
58 209 161958192 255
59 210 161958208 255
61 209 161958240 255
66 209 161958256 255
71 208 161958272 255
77 208 161958288 255
79 208 161958288 255
82 207 161958304 255
86 207 161958320 255
95 207 161958336 255
102 207 161958352 255
108 207 161958368 255
118 206 161958384 255
124 206 161958400 255
132 205 161958416 255
143 206 161958448 255
148 206 161958464 255
152 206 161958464 255
162 206 161958496 255
166 207 161958512 255
169 207 161958512 255
170 207 161958528 255
173 207 161958544 255
174 207 161958592 255
