33
289 175 1298786 255
280 175 1298842 255
254 179 1298858 255
230 181 1298874 255
214 181 1298891 255
206 178 1298907 255
201 176 1298924 255
198 175 1298940 255
196 177 1298957 255
194 185 1298973 255
189 205 1298989 255
186 219 1299006 255
182 243 1299022 255
181 254 1299039 255
180 262 1299055 255
180 271 1299072 255
179 279 1299087 255
179 288 1299104 255
179 292 1299121 255
185 293 1299137 255
200 296 1299154 255
225 297 1299170 255
246 304 1299187 255
274 320 1299203 255
280 328 1299219 255
287 348 1299236 255
286 370 1299252 255
274 384 1299269 255
257 400 1299285 255
228 415 1299302 255
200 423 1299318 255
178 425 1299334 255
163 425 1299370 255
