32
280 107 1494691 255
276 112 1494723 255
264 115 1494739 255
250 116 1494755 255
238 114 1494772 255
224 108 1494788 255
216 105 1494805 255
211 103 1494821 255
206 103 1494838 255
201 110 1494854 255
193 128 1494870 255
186 149 1494887 255
182 166 1494903 255
181 184 1494920 255
180 196 1494936 255
180 204 1494953 255
183 207 1494969 255
190 206 1494985 255
203 204 1495002 255
220 205 1495018 255
234 211 1495035 255
249 218 1495051 255
269 237 1495068 255
279 260 1495084 255
281 284 1495100 255
276 307 1495117 255
259 324 1495133 255
238 338 1495150 255
202 351 1495166 255
166 360 1495183 255
145 364 1495199 255
139 361 1495228 255
