34
286 139 1525290 255
296 143 1525321 255
299 145 1525338 255
300 146 1525354 255
292 146 1525387 255
282 143 1525403 255
273 140 1525420 255
262 138 1525436 255
255 135 1525453 255
250 134 1525469 255
245 134 1525485 255
238 141 1525502 255
229 155 1525518 255
218 177 1525535 255
209 194 1525551 255
205 210 1525568 255
205 220 1525584 255
210 227 1525600 255
216 230 1525617 255
227 232 1525633 255
241 231 1525650 255
263 233 1525666 255
277 237 1525683 255
291 249 1525699 255
299 264 1525715 255
303 284 1525732 255
300 308 1525748 255
294 324 1525765 255
277 340 1525781 255
251 354 1525798 255
221 358 1525814 255
191 356 1525830 255
167 348 1525847 255
155 339 1525885 255
