30
190 233 3960461 255
202 224 3960539 255
221 213 3960555 255
234 194 3960572 255
240 183 3960588 255
247 167 3960604 255
255 146 3960621 255
259 132 3960637 255
260 123 3960654 255
261 116 3960670 255
261 111 3960687 255
261 110 3960703 255
261 109 3960709 255
261 112 3960736 255
261 115 3960752 255
258 122 3960769 255
258 144 3960785 255
262 171 3960802 255
265 205 3960818 255
266 242 3960834 255
266 272 3960851 255
266 314 3960867 255
263 352 3960884 255
262 373 3960900 255
262 401 3960917 255
262 411 3960933 255
265 419 3960949 255
268 424 3960966 255
270 426 3960982 255
272 427 3961018 255
