38
186 137 3996576 255
218 141 3996649 255
242 141 3996665 255
267 140 3996682 255
281 138 3996698 255
292 136 3996714 255
295 134 3996740 255
193 149 3996871 255
193 156 3996928 255
188 172 3996944 255
183 188 3996961 255
176 201 3996977 255
173 208 3996994 255
171 214 3997010 255
173 218 3997027 255
177 223 3997043 255
183 229 3997059 255
197 235 3997076 255
218 237 3997092 255
237 238 3997109 255
257 237 3997125 255
277 240 3997142 255
290 248 3997158 255
305 264 3997174 255
315 278 3997191 255
325 301 3997207 255
327 317 3997224 255
323 331 3997240 255
317 346 3997257 255
305 362 3997273 255
294 372 3997289 255
268 384 3997306 255
250 386 3997322 255
222 383 3997339 255
203 376 3997355 255
191 369 3997372 255
182 357 3997388 255
180 335 3997426 255
