30
240 133 3988664 255
216 141 3988713 255
199 156 3988730 255
184 169 3988746 255
165 187 3988763 255
146 208 3988779 255
131 237 3988796 255
119 266 3988812 255
109 296 3988828 255
105 313 3988845 255
107 329 3988861 255
118 350 3988878 255
128 365 3988894 255
142 375 3988911 255
168 383 3988927 255
189 387 3988943 255
219 385 3988960 255
238 380 3988976 255
268 361 3988993 255
285 334 3989009 255
292 301 3989026 255
295 271 3989042 255
296 241 3989058 255
294 221 3989075 255
288 198 3989091 255
279 181 3989108 255
261 163 3989124 255
248 148 3989141 255
234 133 3989157 255
211 126 3989193 255
