37
166 281 3709851 255
175 281 3709943 255
182 273 3709960 255
188 265 3709976 255
195 252 3709992 255
203 240 3710009 255
213 223 3710025 255
229 196 3710042 255
240 166 3710058 255
248 151 3710075 255
260 135 3710091 255
264 128 3710107 255
266 122 3710124 255
267 119 3710140 255
268 119 3710154 255
268 121 3710190 255
268 125 3710206 255
268 133 3710222 255
268 144 3710239 255
266 159 3710255 255
263 190 3710272 255
262 214 3710288 255
261 238 3710305 255
260 265 3710321 255
259 286 3710337 255
256 309 3710354 255
256 327 3710370 255
256 356 3710387 255
255 370 3710403 255
255 389 3710420 255
255 406 3710436 255
254 417 3710453 255
254 424 3710469 255
254 429 3710485 255
255 433 3710502 255
258 435 3710518 255
265 437 3710554 255
