57
182 132 3718879 255
182 132 3718946 255
201 134 3718979 255
214 134 3718996 255
223 132 3719012 255
231 131 3719028 255
237 131 3719045 255
243 129 3719061 255
248 129 3719078 255
255 129 3719094 255
265 129 3719126 255
193 138 3719415 255
193 145 3719505 255
190 149 3719521 255
189 154 3719538 255
188 161 3719554 255
186 171 3719571 255
184 188 3719587 255
182 203 3719603 255
180 218 3719620 255
175 229 3719636 255
171 239 3719653 255
170 243 3719669 255
170 245 3719686 255
171 246 3719702 255
176 244 3719718 255
181 239 3719735 255
192 230 3719751 255
209 222 3719768 255
224 217 3719784 255
233 215 3719801 255
248 214 3719817 255
267 216 3719833 255
281 220 3719850 255
293 225 3719866 255
306 236 3719883 255
314 245 3719899 255
324 258 3719916 255
327 265 3719932 255
328 274 3719948 255
323 288 3719965 255
312 312 3719981 255
301 330 3719998 255
288 355 3720014 255
273 370 3720031 255
257 378 3720047 255
247 383 3720064 255
236 386 3720080 255
224 386 3720096 255
209 381 3720113 255
194 371 3720129 255
184 360 3720146 255
178 353 3720162 255
175 342 3720179 255
175 335 3720195 255
186 318 3720211 255
195 296 3720244 255
