34
124 86 13858942 255
119 86 13858970 255
116 86 13858986 255
114 86 13858998 255
103 87 13859024 255
97 91 13859036 255
94 100 13859050 255
91 112 13859076 255
94 116 13859088 255
102 125 13859100 255
113 142 13859126 255
115 147 13859138 255
119 162 13859162 255
120 166 13859164 255
120 174 13859178 255
119 180 13859190 255
117 189 13859204 255
114 198 13859216 255
112 204 13859228 255
108 207 13859242 255
106 209 13859254 255
105 208 13859266 255
108 193 13859292 255
111 183 13859306 255
114 169 13859318 255
119 157 13859332 255
134 130 13859356 255
138 117 13859370 255
140 106 13859382 255
138 94 13859406 255
133 92 13859420 255
127 90 13859434 255
120 90 13859458 255
118 90 13859496 255
