27
91 97 13856686 255
94 94 13856716 255
102 93 13856730 255
109 91 13856740 255
119 90 13856766 255
130 90 13856778 255
137 90 13856792 255
145 92 13856816 255
147 93 13856830 255
148 94 13856842 255
148 101 13856868 255
148 105 13856880 255
148 112 13856906 255
148 115 13856920 255
147 122 13856932 255
138 144 13856958 255
130 160 13856970 255
125 175 13856984 255
119 202 13857008 255
118 209 13857022 255
116 214 13857034 255
116 215 13857048 255
117 215 13857096 255
117 176 13857338 255
122 179 13857388 255
134 180 13857402 255
138 180 13857432 255
