30
109 112 14441734 255
104 110 14441764 255
102 109 14441764 255
100 112 14441776 255
101 113 14441792 255
108 116 14441814 255
109 118 14441816 255
115 135 14441840 255
118 143 14441856 255
120 154 14441868 255
120 171 14441892 255
119 175 14441904 255
118 180 14441918 255
111 189 14441944 255
105 194 14441956 255
101 197 14441968 255
98 195 14441996 255
98 191 14442008 255
103 182 14442032 255
106 175 14442048 255
109 166 14442060 255
114 150 14442084 255
115 138 14442096 255
117 129 14442112 255
118 119 14442136 255
118 116 14442148 255
118 115 14442160 255
117 114 14442188 255
117 115 14442200 255
116 117 14442244 255
