26
95 120 13884370 255
92 117 13884412 255
92 116 13884424 255
95 115 13884438 255
98 115 13884448 255
107 113 13884462 255
111 113 13884476 255
114 114 13884488 255
118 118 13884514 255
119 128 13884526 255
120 138 13884540 255
119 167 13884566 255
117 176 13884578 255
114 191 13884590 255
110 196 13884604 255
106 201 13884604 255
100 207 13884616 255
96 212 13884630 255
93 224 13884654 255
99 230 13884668 255
105 230 13884680 255
114 223 13884704 255
119 220 13884718 255
127 218 13884732 255
139 216 13884756 255
143 215 13884800 255
