33
281 364 5200260 255
275 358 5200306 255
269 355 5200322 255
260 352 5200339 255
250 348 5200355 255
243 347 5200372 255
235 350 5200388 255
222 358 5200405 255
208 367 5200421 255
198 381 5200437 255
192 396 5200454 255
187 419 5200470 255
185 439 5200487 255
185 463 5200503 255
185 473 5200520 255
189 484 5200536 255
197 492 5200552 255
210 498 5200569 255
223 500 5200585 255
234 501 5200602 255
249 494 5200618 255
262 487 5200635 255
271 479 5200651 255
277 473 5200667 255
278 465 5200684 255
267 455 5200700 255
253 448 5200717 255
237 446 5200733 255
215 449 5200750 255
200 458 5200766 255
190 470 5200782 255
185 481 5200799 255
183 488 5200824 255
