28
211 345 5524588 255
211 357 5524623 255
201 376 5524640 255
194 406 5524656 255
191 419 5524673 255
188 428 5524689 255
187 433 5524705 255
186 435 5524722 255
186 437 5524738 255
192 438 5524755 255
212 438 5524771 255
231 435 5524788 255
251 432 5524804 255
267 428 5524820 255
274 425 5524837 255
278 418 5524853 255
276 407 5524870 255
272 400 5524886 255
267 397 5524903 255
264 397 5524919 255
261 407 5524935 255
261 423 5524952 255
266 452 5524968 255
268 475 5524985 255
268 488 5525001 255
269 496 5525018 255
269 500 5525034 255
270 501 5525070 255
