31
119 86 3030226 255
114 86 3030242 255
106 87 3030255 255
99 94 3030270 255
90 110 3030294 255
88 116 3030306 255
86 129 3030319 255
85 153 3030346 255
86 165 3030358 255
89 177 3030381 255
90 182 3030383 255
98 194 3030397 255
105 201 3030409 255
114 208 3030434 255
118 208 3030447 255
126 202 3030461 255
139 189 3030486 255
142 183 3030498 255
144 170 3030510 255
148 142 3030537 255
149 130 3030549 255
150 107 3030573 255
150 102 3030574 255
149 95 3030588 255
149 90 3030600 255
146 85 3030625 255
143 82 3030638 255
138 79 3030653 255
130 80 3030677 255
128 81 3030689 255
126 83 3030734 255
