40
54 91 2565829 255
63 91 2565896 255
68 91 2565897 255
77 91 2565910 255
90 91 2565921 255
102 89 2565934 255
108 89 2565947 255
117 88 2565949 255
130 88 2565960 255
138 87 2565973 255
146 86 2565998 255
148 86 2566013 255
149 87 2566036 255
149 88 2566049 255
148 93 2566061 255
137 107 2566088 255
133 111 2566089 255
127 123 2566101 255
120 135 2566114 255
109 152 2566139 255
105 159 2566140 255
99 169 2566153 255
94 176 2566165 255
88 187 2566190 255
87 193 2566205 255
86 198 2566216 255
86 204 2566241 255
86 204 2566291 255
65 143 2566391 255
72 142 2566422 255
76 143 2566435 255
84 146 2566450 255
102 149 2566468 255
119 152 2566492 255
125 152 2566492 255
131 153 2566499 255
147 154 2566525 255
152 153 2566537 255
154 153 2566550 255
156 153 2566600 255
