37
59 158 2555219 255
61 153 2555236 255
69 151 2555248 255
75 149 2555260 255
85 128 2555287 255
97 117 2555299 255
109 99 2555323 255
111 95 2555324 255
116 87 2555339 255
120 77 2555351 255
125 68 2555374 255
127 64 2555388 255
128 64 2555403 255
128 67 2555426 255
128 69 2555427 255
128 74 2555440 255
128 78 2555452 255
127 85 2555479 255
127 90 2555491 255
126 104 2555515 255
126 108 2555516 255
124 120 2555543 255
124 130 2555555 255
123 138 2555568 255
121 147 2555594 255
121 151 2555606 255
120 155 2555619 255
119 167 2555644 255
118 172 2555658 255
118 175 2555670 255
118 179 2555694 255
118 180 2555695 255
118 180 2555708 255
118 182 2555722 255
117 183 2555746 255
117 183 2555758 255
117 183 2555821 255
