38
84 116 2590069 255
91 116 2590110 255
101 116 2590124 255
109 116 2590136 255
122 115 2590161 255
131 114 2590173 255
138 110 2590188 255
146 104 2590213 255
148 102 2590250 255
80 116 2590358 255
82 119 2590418 255
82 129 2590432 255
82 137 2590443 255
82 144 2590463 255
82 147 2590476 255
82 147 2590488 255
83 149 2590501 255
84 149 2590514 255
85 150 2590539 255
87 150 2590553 255
90 150 2590565 255
101 152 2590590 255
106 155 2590605 255
110 164 2590616 255
114 176 2590641 255
116 179 2590653 255
117 182 2590668 255
118 196 2590693 255
118 203 2590705 255
116 207 2590717 255
100 214 2590745 255
93 221 2590757 255
69 225 2590781 255
63 222 2590796 255
58 219 2590808 255
54 215 2590833 255
53 214 2590846 255
53 213 2590883 255
