36
87 91 2588677 255
86 95 2588723 255
86 99 2588724 255
83 107 2588739 255
75 113 2588752 255
65 129 2588775 255
63 133 2588776 255
60 140 2588789 255
58 145 2588803 255
57 150 2588828 255
59 152 2588840 255
64 156 2588852 255
78 164 2588879 255
84 167 2588892 255
94 165 2588915 255
97 164 2588916 255
109 157 2588943 255
112 153 2588956 255
114 149 2588968 255
116 142 2588980 255
118 129 2589007 255
118 126 2589020 255
118 124 2589043 255
118 127 2589058 255
118 131 2589071 255
118 136 2589083 255
117 146 2589107 255
115 158 2589123 255
110 172 2589146 255
105 184 2589159 255
103 193 2589171 255
101 200 2589186 255
100 208 2589211 255
100 209 2589223 255
100 210 2589235 255
100 210 2589286 255
