47
85 86 2561611 255
91 86 2561678 255
97 85 2561679 255
106 85 2561692 255
118 84 2561704 255
135 82 2561723 255
148 75 2561747 255
154 72 2561749 255
163 67 2561761 255
169 63 2561773 255
173 61 2561817 255
86 86 2561959 255
87 90 2562053 255
87 100 2562067 255
87 109 2562087 255
86 112 2562100 255
86 114 2562111 255
86 118 2562124 255
86 121 2562136 255
86 123 2562151 255
87 128 2562176 255
87 130 2562189 255
89 130 2562214 255
90 129 2562215 255
94 127 2562227 255
99 125 2562240 255
108 123 2562264 255
111 122 2562280 255
114 123 2562291 255
120 128 2562317 255
124 133 2562328 255
129 138 2562343 255
138 146 2562368 255
140 149 2562380 255
141 154 2562392 255
138 171 2562420 255
132 177 2562432 255
122 194 2562456 255
107 204 2562472 255
98 208 2562484 255
90 209 2562496 255
87 209 2562507 255
84 209 2562508 255
79 209 2562521 255
77 208 2562535 255
76 205 2562559 255
76 204 2562597 255
