32
88 93 3034631 255
88 90 3034654 255
88 91 3034655 255
89 89 3034667 255
102 90 3034687 255
109 94 3034699 255
117 104 3034723 255
119 107 3034724 255
123 112 3034737 255
123 116 3034751 255
120 132 3034775 255
119 136 3034776 255
117 142 3034787 255
114 146 3034801 255
109 149 3034826 255
108 150 3034828 255
108 151 3034840 255
110 151 3034852 255
117 151 3034878 255
120 151 3034879 255
129 152 3034891 255
134 154 3034903 255
140 161 3034928 255
139 167 3034943 255
133 172 3034955 255
119 181 3034980 255
103 186 3035006 255
99 187 3035007 255
89 188 3035020 255
80 187 3035031 255
68 185 3035056 255
67 184 3035094 255
