45
156 96 12873710 255
152 93 12873732 255
151 89 12873744 255
150 85 12873758 255
146 80 12873782 255
134 78 12873796 255
127 77 12873808 255
111 77 12873834 255
105 77 12873836 255
97 77 12873848 255
89 78 12873860 255
78 84 12873886 255
67 93 12873900 255
64 97 12873910 255
65 109 12873936 255
73 119 12873950 255
79 126 12873962 255
97 135 12873988 255
106 142 12874000 255
114 151 12874014 255
133 161 12874040 255
139 164 12874052 255
142 167 12874064 255
138 178 12874090 255
132 184 12874104 255
118 192 12874128 255
104 194 12874142 255
96 195 12874154 255
81 194 12874180 255
77 193 12874190 255
76 186 12874206 255
81 172 12874230 255
83 162 12874242 255
86 150 12874256 255
111 119 12874282 255
116 113 12874294 255
134 105 12874318 255
140 98 12874334 255
144 94 12874346 255
146 91 12874356 255
149 85 12874370 255
150 82 12874382 255
151 80 12874396 255
152 79 12874422 255
153 78 12874458 255
