43
150 76 12859522 255
144 75 12859582 255
134 75 12859596 255
128 76 12859610 255
120 77 12859636 255
117 78 12859648 255
111 80 12859660 255
99 89 12859686 255
96 92 12859686 255
92 97 12859700 255
89 101 12859710 255
85 116 12859738 255
84 124 12859750 255
84 131 12859762 255
84 150 12859788 255
85 158 12859802 255
86 163 12859814 255
92 176 12859840 255
101 181 12859850 255
109 185 12859866 255
130 188 12859890 255
138 188 12859902 255
144 185 12859914 255
156 175 12859942 255
170 166 12859966 255
174 157 12859978 255
176 149 12859992 255
179 138 12860018 255
179 130 12860030 255
179 121 12860042 255
177 109 12860070 255
175 105 12860082 255
169 100 12860094 255
163 94 12860106 255
158 88 12860120 255
155 84 12860134 255
152 81 12860146 255
150 79 12860156 255
149 78 12860170 255
147 76 12860184 255
143 75 12860210 255
138 75 12860222 255
135 75 12860252 255
