45
124 102 12820076 255
118 103 12820118 255
116 103 12820132 255
112 104 12820152 255
105 105 12820164 255
99 106 12820176 255
95 109 12820190 255
91 115 12820200 255
89 121 12820214 255
86 126 12820228 255
85 129 12820240 255
84 134 12820252 255
83 138 12820266 255
83 146 12820276 255
83 155 12820292 255
84 162 12820304 255
84 172 12820316 255
87 187 12820342 255
89 192 12820356 255
91 195 12820368 255
104 200 12820392 255
109 201 12820404 255
113 201 12820420 255
130 199 12820444 255
139 197 12820456 255
151 190 12820482 255
156 186 12820484 255
171 173 12820508 255
174 167 12820520 255
177 158 12820532 255
178 149 12820546 255
178 143 12820558 255
178 137 12820572 255
175 130 12820582 255
168 123 12820596 255
155 113 12820622 255
151 110 12820636 255
142 108 12820648 255
126 105 12820674 255
122 105 12820686 255
118 105 12820700 255
109 105 12820724 255
104 105 12820738 255
99 106 12820750 255
94 111 12820800 255
