42
59 88 13367734 255
57 85 13367762 255
57 85 13367790 255
58 85 13367806 255
58 84 13367816 255
63 84 13367838 255
67 83 13367850 255
71 82 13367860 255
76 82 13367872 255
89 80 13367892 255
95 79 13367900 255
108 77 13367926 255
114 77 13367936 255
119 77 13367946 255
124 77 13367958 255
132 77 13367980 255
135 78 13367990 255
138 80 13368008 255
139 83 13368034 255
139 86 13368044 255
137 95 13368066 255
134 102 13368076 255
131 112 13368088 255
126 134 13368098 255
116 176 13368116 255
114 185 13368130 255
111 199 13368152 255
110 204 13368164 255
109 209 13368174 255
109 213 13368186 255
109 221 13368206 255
108 227 13368224 255
109 228 13368262 255
84 151 13368420 255
93 150 13368488 255
101 150 13368498 255
124 148 13368520 255
138 147 13368528 255
174 143 13368554 255
187 141 13368564 255
194 140 13368574 255
199 139 13368608 255
