56
158 77 13364248 255
153 75 13364310 255
153 75 13364316 255
151 75 13364342 255
149 75 13364352 255
135 75 13364374 255
127 75 13364386 255
118 75 13364396 255
110 75 13364406 255
99 75 13364424 255
94 74 13364440 255
85 74 13364460 255
79 74 13364482 255
76 74 13364494 255
74 74 13364516 255
73 75 13364532 255
72 76 13364548 255
72 77 13364558 255
72 78 13364570 255
72 81 13364580 255
72 88 13364602 255
71 93 13364612 255
69 105 13364634 255
69 111 13364640 255
68 117 13364656 255
67 123 13364666 255
66 132 13364688 255
65 135 13364700 255
65 140 13364720 255
65 142 13364732 255
66 142 13364748 255
69 141 13364774 255
72 140 13364786 255
79 136 13364808 255
84 135 13364818 255
97 132 13364840 255
110 132 13364858 255
117 133 13364872 255
130 139 13364894 255
136 143 13364904 255
147 153 13364926 255
154 167 13364948 255
155 180 13364966 255
152 188 13364980 255
148 197 13364992 255
129 213 13365014 255
121 217 13365024 255
114 220 13365034 255
107 221 13365046 255
95 223 13365068 255
89 223 13365074 255
78 223 13365100 255
71 222 13365122 255
69 221 13365132 255
66 220 13365154 255
64 217 13365190 255
