37
104 67 12827212 255
103 70 12827272 255
102 72 12827272 255
100 79 12827284 255
97 87 12827298 255
88 111 12827322 255
79 129 12827336 255
72 143 12827348 255
64 159 12827374 255
62 165 12827386 255
61 172 12827406 255
61 174 12827418 255
64 176 12827444 255
66 177 12827450 255
78 178 12827476 255
88 177 12827488 255
112 176 12827512 255
126 176 12827528 255
139 175 12827540 255
161 174 12827564 255
169 174 12827578 255
175 174 12827592 255
178 173 12827628 255
99 142 12827798 255
102 146 12827862 255
103 148 12827862 255
105 154 12827876 255
108 168 12827894 255
109 179 12827908 255
110 195 12827932 255
110 200 12827932 255
109 209 12827946 255
109 217 12827956 255
108 229 12827984 255
107 231 12827996 255
108 233 12828010 255
109 232 12828046 255
