35
92 81 13359832 255
89 78 13359860 255
89 78 13359870 255
88 77 13359892 255
88 76 13359904 255
89 76 13359920 255
94 75 13359936 255
99 75 13359946 255
103 75 13359958 255
110 75 13359980 255
115 75 13359990 255
127 77 13360012 255
137 83 13360028 255
140 88 13360044 255
144 95 13360066 255
146 98 13360076 255
147 108 13360098 255
147 115 13360110 255
144 120 13360120 255
140 125 13360130 255
132 135 13360136 255
124 149 13360152 255
120 156 13360164 255
103 170 13360184 255
95 182 13360206 255
93 185 13360218 255
91 189 13360238 255
94 191 13360246 255
103 194 13360272 255
111 195 13360292 255
120 195 13360304 255
136 195 13360326 255
146 195 13360336 255
162 194 13360354 255
173 193 13360402 255
