29
128 52 13362636 255
127 55 13362708 255
125 60 13362718 255
120 75 13362740 255
94 119 13362756 255
86 132 13362772 255
81 139 13362784 255
76 144 13362794 255
73 149 13362804 255
69 156 13362826 255
69 159 13362838 255
72 164 13362858 255
76 166 13362866 255
82 168 13362880 255
89 170 13362892 255
108 169 13362912 255
118 168 13362924 255
136 165 13362946 255
144 164 13362956 255
158 163 13363000 255
110 149 13363142 255
114 153 13363206 255
114 156 13363216 255
115 167 13363238 255
115 174 13363248 255
114 190 13363270 255
114 197 13363276 255
113 208 13363302 255
113 212 13363342 255
