51
139 75 13323488 255
134 74 13323564 255
130 74 13323580 255
128 74 13323590 255
122 74 13323612 255
108 76 13323634 255
102 77 13323644 255
88 86 13323666 255
79 91 13323672 255
67 99 13323698 255
63 106 13323708 255
59 116 13323720 255
57 122 13323730 255
54 132 13323752 255
54 139 13323764 255
54 150 13323780 255
54 154 13323796 255
54 158 13323806 255
54 162 13323818 255
59 175 13323838 255
67 181 13323850 255
77 188 13323872 255
95 192 13323888 255
102 193 13323904 255
116 190 13323926 255
122 186 13323936 255
134 178 13323958 255
137 175 13323968 255
140 172 13323980 255
141 168 13323996 255
139 167 13324012 255
137 165 13324022 255
129 160 13324044 255
125 156 13324056 255
119 152 13324066 255
111 149 13324078 255
100 144 13324098 255
97 143 13324106 255
91 144 13324132 255
89 146 13324142 255
85 147 13324152 255
82 149 13324164 255
76 155 13324186 255
72 157 13324196 255
65 161 13324214 255
63 162 13324228 255
60 164 13324250 255
58 165 13324272 255
58 165 13324282 255
57 166 13324304 255
59 167 13324348 255
