47
134 68 121436880 255
128 65 121436912 255
124 65 121436928 255
122 65 121436936 255
120 66 121436960 255
120 66 121436960 255
119 67 121436976 255
118 71 121436992 255
113 84 121437016 255
108 89 121437024 255
102 95 121437040 255
94 113 121437064 255
91 125 121437080 255
88 138 121437088 255
85 164 121437120 255
84 174 121437128 255
85 186 121437144 255
85 192 121437152 255
89 205 121437168 255
97 210 121437184 255
106 212 121437192 255
120 213 121437208 255
133 212 121437216 255
142 210 121437232 255
159 199 121437256 255
165 194 121437272 255
169 189 121437280 255
171 168 121437304 255
172 155 121437320 255
171 142 121437336 255
163 127 121437360 255
159 119 121437368 255
156 110 121437384 255
152 92 121437408 255
150 82 121437424 255
148 70 121437448 255
147 67 121437464 255
146 65 121437472 255
144 62 121437496 255
141 61 121437512 255
139 60 121437528 255
135 59 121437552 255
134 59 121437560 255
133 59 121437576 255
134 60 121437600 255
135 60 121437616 255
136 60 121437648 255
