34
154 94 121477040 255
148 93 121477096 255
143 94 121477104 255
131 100 121477128 255
124 109 121477136 255
112 118 121477160 255
107 120 121477160 255
99 130 121477176 255
94 140 121477192 255
89 157 121477216 255
88 168 121477224 255
89 175 121477240 255
98 184 121477264 255
104 187 121477280 255
109 189 121477288 255
116 190 121477320 255
120 190 121477328 255
130 188 121477352 255
138 187 121477368 255
141 185 121477384 255
143 181 121477408 255
141 178 121477408 255
135 170 121477416 255
129 164 121477432 255
121 159 121477456 255
119 157 121477456 255
113 155 121477472 255
104 155 121477480 255
95 154 121477504 255
93 154 121477512 255
90 154 121477520 255
89 154 121477536 255
89 154 121477560 255
89 155 121477592 255
