45
134 107 121479968 255
129 101 121479976 255
125 99 121479992 255
120 96 121480016 255
118 96 121480032 255
116 96 121480040 255
116 96 121480056 255
114 101 121480064 255
114 107 121480080 255
114 114 121480096 255
115 117 121480104 255
115 121 121480104 255
116 133 121480120 255
118 142 121480128 255
121 161 121480152 255
124 170 121480168 255
125 177 121480184 255
124 184 121480208 255
123 188 121480224 255
121 191 121480232 255
116 195 121480256 255
114 194 121480272 255
112 191 121480288 255
109 187 121480312 255
109 186 121480320 255
111 180 121480344 255
112 173 121480360 255
114 167 121480376 255
116 160 121480400 255
117 158 121480400 255
120 155 121480408 255
126 150 121480424 255
139 138 121480448 255
143 133 121480464 255
145 130 121480472 255
148 124 121480504 255
149 120 121480512 255
149 113 121480528 255
149 110 121480536 255
149 103 121480552 255
149 101 121480568 255
149 99 121480576 255
149 98 121480600 255
149 99 121480616 255
148 99 121480648 255
