26
280 215 3655775 255
260 212 3655792 255
244 211 3655809 255
222 214 3655825 255
201 228 3655841 255
184 258 3655858 255
164 309 3655874 255
153 356 3655891 255
150 410 3655907 255
153 448 3655924 255
162 464 3655940 255
171 471 3655957 255
183 477 3655973 255
213 478 3655989 255
249 462 3656006 255
280 432 3656022 255
293 375 3656039 255
290 355 3656055 255
281 347 3656072 255
261 345 3656088 255
230 360 3656104 255
200 378 3656121 255
180 402 3656137 255
167 415 3656154 255
160 423 3656170 255
158 428 3656199 255
