29
220 188 3892338 255
215 200 3892377 255
210 212 3892394 255
199 248 3892410 255
188 288 3892427 255
181 314 3892443 255
177 334 3892459 255
176 345 3892476 255
179 354 3892492 255
185 359 3892509 255
197 362 3892525 255
223 357 3892542 255
251 344 3892558 255
274 328 3892574 255
287 311 3892591 255
294 296 3892607 255
297 291 3892624 255
298 288 3892640 255
298 287 3892651 255
298 298 3892673 255
297 315 3892689 255
293 347 3892706 255
291 366 3892722 255
290 385 3892739 255
290 403 3892755 255
290 413 3892772 255
292 419 3892788 255
295 423 3892804 255
296 424 3892827 255
