28
186 223 3891020 255
188 215 3891047 255
212 192 3891063 255
233 183 3891079 255
263 179 3891096 255
281 185 3891112 255
291 195 3891129 255
294 206 3891145 255
288 222 3891162 255
267 242 3891178 255
243 257 3891194 255
214 268 3891211 255
196 276 3891227 255
188 281 3891244 255
185 285 3891260 255
187 291 3891277 255
211 310 3891293 255
238 331 3891309 255
268 355 3891326 255
281 369 3891342 255
287 379 3891359 255
289 385 3891375 255
287 389 3891392 255
274 397 3891408 255
242 406 3891424 255
201 413 3891441 255
161 414 3891457 255
151 414 3891484 255
