40
197 210 3627915 255
197 221 3627971 255
194 237 3627987 255
191 250 3628004 255
188 270 3628020 255
186 300 3628036 255
186 320 3628053 255
191 342 3628069 255
197 360 3628086 255
205 368 3628102 255
220 372 3628119 255
236 370 3628135 255
263 355 3628151 255
277 343 3628168 255
289 330 3628184 255
296 320 3628201 255
299 312 3628217 255
302 304 3628234 255
302 293 3628250 255
302 287 3628266 255
299 284 3628283 255
298 282 3628299 255
297 282 3628313 255
296 286 3628332 255
296 293 3628349 255
296 303 3628365 255
296 319 3628381 255
295 341 3628398 255
294 364 3628414 255
292 387 3628431 255
290 409 3628447 255
288 424 3628464 255
286 443 3628480 255
285 456 3628496 255
284 469 3628513 255
283 475 3628529 255
283 481 3628546 255
283 486 3628562 255
283 489 3628579 255
283 491 3628606 255
