33
224 116 3652912 255
224 116 3652929 255
224 121 3652950 255
219 131 3652966 255
214 146 3652983 255
206 163 3652999 255
195 194 3653016 255
183 226 3653032 255
171 259 3653049 255
169 278 3653065 255
172 295 3653081 255
176 303 3653098 255
181 310 3653114 255
189 315 3653131 255
211 321 3653147 255
232 322 3653164 255
256 315 3653180 255
281 298 3653196 255
293 282 3653213 255
296 272 3653229 255
296 262 3653246 255
296 255 3653262 255
294 252 3653279 255
293 252 3653295 255
292 258 3653311 255
291 270 3653328 255
289 306 3653344 255
288 337 3653361 255
286 372 3653377 255
284 405 3653394 255
284 414 3653410 255
283 419 3653426 255
283 421 3653455 255
