36
264 243 3635298 255
250 239 3635331 255
228 245 3635347 255
199 259 3635364 255
165 276 3635380 255
144 296 3635397 255
133 314 3635413 255
129 321 3635429 255
129 329 3635446 255
133 337 3635462 255
147 353 3635479 255
173 364 3635495 255
200 374 3635512 255
232 389 3635528 255
262 413 3635544 255
274 422 3635561 255
283 440 3635577 255
287 469 3635594 255
282 492 3635610 255
267 511 3635627 255
251 524 3635643 255
232 530 3635659 255
210 528 3635676 255
195 519 3635692 255
185 494 3635709 255
184 462 3635725 255
190 431 3635742 255
202 396 3635758 255
217 370 3635775 255
231 345 3635791 255
238 329 3635807 255
244 311 3635824 255
247 295 3635840 255
249 287 3635857 255
250 283 3635873 255
251 283 3635912 255
