31
175 254 3619427 255
142 313 3619477 255
139 323 3619493 255
136 358 3619510 255
136 381 3619526 255
142 403 3619543 255
150 420 3619559 255
175 447 3619575 255
188 465 3619592 255
210 472 3619608 255
225 475 3619625 255
241 474 3619641 255
263 465 3619658 255
277 453 3619674 255
286 439 3619690 255
293 415 3619707 255
295 388 3619723 255
295 361 3619740 255
293 342 3619756 255
288 311 3619773 255
281 291 3619789 255
260 261 3619805 255
244 238 3619822 255
224 221 3619838 255
206 212 3619855 255
196 209 3619871 255
190 211 3619888 255
184 215 3619904 255
178 225 3619920 255
164 248 3619937 255
155 263 3619970 255
