71
77 126 122864864 255
81 122 122864960 255
81 120 122864968 255
81 116 122864992 255
81 114 122865000 255
81 109 122865024 255
82 106 122865032 255
84 101 122865056 255
87 97 122865080 255
89 94 122865088 255
93 91 122865112 255
95 89 122865120 255
99 87 122865136 255
102 86 122865136 255
108 84 122865168 255
111 83 122865176 255
118 83 122865200 255
122 83 122865208 255
129 85 122865232 255
137 88 122865248 255
140 89 122865264 255
146 96 122865288 255
149 100 122865296 255
154 110 122865320 255
157 122 122865336 255
158 136 122865360 255
157 145 122865376 255
155 155 122865384 255
149 171 122865408 255
145 180 122865416 255
139 188 122865424 255
130 197 122865440 255
114 211 122865456 255
106 215 122865464 255
94 221 122865488 255
88 222 122865504 255
81 223 122865512 255
76 223 122865520 255
67 220 122865544 255
63 217 122865552 255
57 212 122865576 255
54 207 122865592 255
52 198 122865608 255
52 194 122865624 255
54 186 122865640 255
57 179 122865664 255
60 177 122865672 255
63 174 122865680 255
67 173 122865696 255
71 172 122865712 255
78 174 122865728 255
82 176 122865744 255
90 182 122865760 255
95 185 122865776 255
104 193 122865792 255
110 198 122865808 255
123 207 122865824 255
130 211 122865840 255
143 216 122865856 255
154 219 122865880 255
165 220 122865896 255
169 218 122865912 255
174 217 122865928 255
181 213 122865944 255
184 210 122865960 255
191 203 122865976 255
194 199 122865992 255
197 192 122866008 255
198 189 122866024 255
200 182 122866048 255
202 177 122866080 255
