41
78 107 122876840 255
81 103 122876872 255
81 101 122876880 255
82 96 122876896 255
85 94 122876912 255
95 89 122876936 255
102 86 122876944 255
111 84 122876960 255
120 81 122876968 255
138 81 122876992 255
154 83 122877008 255
160 87 122877024 255
171 98 122877040 255
172 105 122877056 255
169 112 122877064 255
163 122 122877072 255
132 146 122877096 255
102 163 122877112 255
91 172 122877128 255
81 180 122877144 255
73 186 122877152 255
65 199 122877176 255
62 210 122877192 255
62 217 122877208 255
70 230 122877224 255
78 234 122877240 255
94 238 122877264 255
102 238 122877272 255
119 234 122877296 255
130 229 122877304 255
144 219 122877328 255
148 213 122877328 255
151 201 122877360 255
150 195 122877368 255
138 175 122877392 255
120 156 122877408 255
111 150 122877424 255
96 139 122877440 255
91 136 122877456 255
85 130 122877480 255
84 129 122877512 255
