48
84 82 123603184 255
84 78 123603208 255
79 76 123603216 255
76 74 123603232 255
74 73 123603248 255
74 73 123603256 255
74 72 123603264 255
79 71 123603288 255
84 71 123603296 255
103 69 123603328 255
114 68 123603336 255
126 67 123603352 255
140 65 123603376 255
144 65 123603376 255
148 65 123603392 255
151 66 123603408 255
152 69 123603416 255
152 72 123603432 255
151 76 123603440 255
149 83 123603456 255
143 97 123603480 255
139 107 123603496 255
136 118 123603512 255
131 135 123603536 255
130 140 123603536 255
128 153 123603552 255
126 165 123603568 255
124 176 123603576 255
124 181 123603584 255
123 194 123603600 255
122 200 123603616 255
122 205 123603632 255
122 209 123603656 255
122 211 123603664 255
123 211 123603680 255
122 212 123603712 255
89 152 123603832 255
92 148 123603872 255
104 142 123603888 255
112 139 123603904 255
124 134 123603920 255
143 128 123603944 255
154 126 123603960 255
164 125 123603968 255
175 123 123604000 255
179 122 123604008 255
180 120 123604024 255
181 118 123604056 255
