50
76 141 122862776 255
80 138 122862824 255
80 137 122862832 255
81 136 122862856 255
81 134 122862864 255
82 131 122862888 255
84 126 122862904 255
86 122 122862920 255
91 115 122862944 255
94 111 122862952 255
101 102 122862976 255
105 97 122862984 255
111 87 122863008 255
114 82 122863016 255
117 77 122863032 255
120 72 122863040 255
124 64 122863064 255
126 61 122863072 255
130 57 122863096 255
131 55 122863104 255
132 55 122863120 255
133 55 122863120 255
133 55 122863152 255
134 56 122863160 255
134 58 122863184 255
133 61 122863192 255
133 64 122863200 255
132 68 122863216 255
130 76 122863232 255
129 82 122863248 255
127 94 122863264 255
126 101 122863280 255
124 115 122863296 255
122 133 122863320 255
121 153 122863336 255
121 161 122863352 255
120 166 122863368 255
120 179 122863384 255
120 185 122863400 255
120 190 122863408 255
120 196 122863416 255
120 205 122863440 255
120 209 122863448 255
120 217 122863472 255
120 220 122863488 255
120 222 122863496 255
120 224 122863504 255
120 226 122863528 255
120 227 122863536 255
120 225 122863576 255
