53
88 77 123595840 255
87 71 123595848 255
86 68 123595872 255
85 68 123595880 255
85 65 123595888 255
85 63 123595904 255
87 59 123595928 255
90 54 123595944 255
95 50 123595960 255
102 47 123595968 255
115 41 123596000 255
121 39 123596008 255
127 41 123596024 255
139 47 123596048 255
143 51 123596064 255
146 56 123596072 255
148 72 123596104 255
147 79 123596112 255
144 87 123596128 255
133 101 123596160 255
126 108 123596168 255
119 113 123596184 255
105 120 123596208 255
99 121 123596224 255
94 122 123596232 255
90 122 123596256 255
90 122 123596256 255
89 122 123596272 255
90 121 123596288 255
94 120 123596304 255
98 119 123596312 255
102 118 123596312 255
110 118 123596328 255
121 118 123596336 255
132 119 123596352 255
153 125 123596376 255
161 129 123596392 255
168 135 123596400 255
177 149 123596432 255
178 155 123596448 255
177 162 123596456 255
170 173 123596480 255
159 180 123596496 255
149 185 123596512 255
126 190 123596536 255
113 190 123596552 255
102 189 123596560 255
91 187 123596576 255
81 184 123596592 255
72 182 123596600 255
66 179 123596616 255
63 176 123596632 255
61 172 123596656 255
