97
89 119 122802424 255
89 115 122802568 255
89 113 122802584 255
89 112 122802600 255
88 111 122802624 255
88 111 122802640 255
89 110 122802648 255
90 110 122802656 255
90 109 122802672 255
91 107 122802688 255
91 105 122802704 255
92 102 122802720 255
92 100 122802728 255
94 95 122802752 255
95 91 122802776 255
97 88 122802784 255
100 84 122802808 255
102 81 122802816 255
108 77 122802840 255
113 73 122802864 255
116 72 122802872 255
121 70 122802896 255
124 69 122802904 255
129 69 122802928 255
135 69 122802944 255
138 69 122802960 255
144 71 122802984 255
147 72 122803008 255
150 75 122803016 255
154 80 122803040 255
159 86 122803056 255
160 90 122803072 255
161 95 122803080 255
162 101 122803088 255
162 108 122803104 255
160 121 122803120 255
159 128 122803136 255
157 138 122803152 255
155 144 122803160 255
151 154 122803192 255
144 167 122803208 255
140 173 122803224 255
131 184 122803240 255
128 188 122803256 255
121 194 122803272 255
113 202 122803296 255
109 204 122803312 255
101 209 122803328 255
97 211 122803344 255
89 215 122803360 255
80 216 122803376 255
75 217 122803392 255
66 217 122803416 255
62 216 122803424 255
55 215 122803448 255
48 211 122803472 255
42 206 122803488 255
40 203 122803504 255
39 199 122803512 255
39 192 122803536 255
41 186 122803560 255
43 182 122803568 255
47 178 122803592 255
50 176 122803600 255
56 174 122803624 255
62 173 122803648 255
64 174 122803656 255
71 175 122803680 255
74 176 122803688 255
80 180 122803704 255
86 185 122803728 255
90 188 122803744 255
98 195 122803760 255
102 199 122803776 255
109 206 122803800 255
117 211 122803816 255
121 214 122803832 255
128 218 122803848 255
132 220 122803864 255
140 223 122803880 255
144 224 122803896 255
148 224 122803904 255
151 224 122803920 255
158 222 122803936 255
161 222 122803952 255
166 218 122803968 255
169 216 122803984 255
176 211 122804000 255
181 204 122804024 255
184 201 122804032 255
187 193 122804056 255
188 190 122804064 255
190 185 122804088 255
191 180 122804112 255
192 178 122804120 255
192 175 122804136 255
191 175 122804176 255
