33
61 95 123652192 255
59 91 123652224 255
62 86 123652240 255
69 82 123652256 255
81 79 123652264 255
112 75 123652288 255
126 76 123652304 255
139 80 123652320 255
149 88 123652344 255
149 101 123652360 255
147 106 123652368 255
142 111 123652368 255
113 140 123652400 255
102 149 123652400 255
87 165 123652408 255
73 180 123652424 255
67 190 123652432 255
69 204 123652464 255
77 207 123652480 255
95 208 123652496 255
102 206 123652504 255
117 201 123652512 255
130 194 123652528 255
141 186 123652544 255
147 177 123652552 255
149 169 123652568 255
149 160 123652584 255
143 150 123652592 255
114 132 123652624 255
95 123 123652632 255
80 119 123652648 255
60 112 123652672 255
58 109 123652696 255
