25
98 149 123639704 255
99 146 123639728 255
106 137 123639744 255
110 131 123639760 255
113 126 123639776 255
118 107 123639800 255
122 97 123639816 255
127 85 123639824 255
134 70 123639848 255
135 67 123639864 255
135 65 123639880 255
141 64 123639904 255
143 70 123639920 255
144 78 123639928 255
144 89 123639944 255
144 98 123639952 255
140 120 123639968 255
138 139 123639984 255
138 149 123639992 255
136 171 123640024 255
139 177 123640032 255
141 182 123640048 255
143 188 123640072 255
143 190 123640088 255
144 190 123640128 255
