44
140 65 122878808 255
138 60 122878864 255
130 60 122878888 255
127 60 122878896 255
113 61 122878912 255
97 63 122878944 255
88 66 122878952 255
69 80 122878976 255
64 84 122878984 255
60 93 122879008 255
59 107 122879024 255
62 112 122879040 255
74 122 122879064 255
79 124 122879072 255
96 126 122879096 255
106 125 122879104 255
117 125 122879112 255
138 112 122879136 255
145 106 122879152 255
149 102 122879160 255
156 95 122879184 255
158 91 122879192 255
158 88 122879200 255
157 86 122879216 255
155 82 122879232 255
154 81 122879240 255
153 80 122879264 255
153 80 122879280 255
152 83 122879296 255
151 87 122879320 255
151 91 122879328 255
151 105 122879352 255
150 113 122879360 255
150 133 122879384 255
149 166 122879408 255
149 174 122879416 255
149 193 122879440 255
149 204 122879456 255
149 207 122879472 255
149 210 122879488 255
149 213 122879496 255
149 216 122879504 255
149 220 122879528 255
149 221 122879552 255
