42
117 66 5478998 255
112 69 5479034 255
107 70 5479045 255
99 73 5479067 255
96 75 5479073 255
92 86 5479099 255
91 90 5479110 255
90 95 5479121 255
93 99 5479132 255
104 112 5479153 255
109 119 5479164 255
119 129 5479181 255
129 136 5479197 255
136 146 5479208 255
139 151 5479219 255
142 157 5479240 255
142 160 5479251 255
138 165 5479273 255
132 171 5479290 255
129 174 5479305 255
124 179 5479327 255
121 181 5479338 255
110 180 5479360 255
104 178 5479370 255
100 175 5479381 255
93 171 5479398 255
91 168 5479414 255
89 165 5479425 255
88 154 5479446 255
88 150 5479457 255
89 145 5479468 255
92 139 5479479 255
106 123 5479501 255
110 117 5479507 255
115 110 5479533 255
119 105 5479544 255
132 89 5479566 255
138 82 5479587 255
140 80 5479598 255
139 76 5479616 255
138 74 5479631 255
133 73 5479675 255
