27
86 109 5966675 255
86 106 5966714 255
86 105 5966724 255
89 96 5966746 255
94 91 5966757 255
104 84 5966779 255
108 81 5966785 255
114 79 5966811 255
117 79 5966833 255
118 84 5966844 255
118 98 5966865 255
116 107 5966876 255
93 149 5966894 255
89 156 5966909 255
86 159 5966920 255
81 162 5966930 255
72 166 5966952 255
69 168 5966963 255
67 168 5966985 255
74 166 5967002 255
77 165 5967017 255
83 163 5967039 255
89 164 5967050 255
101 165 5967071 255
107 165 5967082 255
115 165 5967093 255
123 163 5967128 255
