26
114 78 5924468 255
110 83 5924528 255
107 87 5924539 255
101 96 5924560 255
99 101 5924571 255
97 109 5924593 255
101 116 5924610 255
105 118 5924625 255
114 124 5924647 255
121 127 5924658 255
132 135 5924680 255
137 141 5924691 255
142 150 5924712 255
142 162 5924734 255
138 169 5924745 255
125 178 5924766 255
119 179 5924777 255
106 176 5924799 255
101 173 5924810 255
98 170 5924820 255
97 166 5924860 255
126 93 5925017 255
133 89 5925091 255
139 87 5925102 255
147 85 5925113 255
160 83 5925158 255
