43
144 80 5515462 255
145 77 5515501 255
144 76 5515512 255
141 75 5515518 255
137 73 5515533 255
133 72 5515544 255
127 68 5515566 255
124 65 5515577 255
121 63 5515588 255
114 62 5515599 255
102 64 5515620 255
98 66 5515627 255
87 70 5515653 255
81 72 5515664 255
76 74 5515674 255
73 77 5515685 255
70 86 5515707 255
72 90 5515718 255
77 97 5515735 255
79 100 5515750 255
85 106 5515772 255
97 109 5515794 255
102 110 5515805 255
109 110 5515826 255
114 108 5515844 255
116 106 5515859 255
122 103 5515881 255
125 97 5515891 255
133 88 5515913 255
135 85 5515924 255
139 80 5515946 255
141 78 5515967 255
142 77 5515978 255
143 76 5516000 255
144 76 5516011 255
144 78 5516032 255
144 82 5516043 255
144 88 5516054 255
143 95 5516061 255
135 119 5516087 255
129 144 5516098 255
126 163 5516119 255
128 176 5516153 255
