40
79 125 5501629 255
79 120 5501674 255
80 118 5501690 255
80 115 5501701 255
82 110 5501722 255
83 106 5501733 255
85 99 5501744 255
89 94 5501755 255
101 86 5501777 255
105 83 5501783 255
112 80 5501809 255
115 79 5501820 255
119 80 5501831 255
122 83 5501842 255
124 94 5501863 255
124 103 5501874 255
118 141 5501891 255
114 154 5501907 255
94 181 5501929 255
89 190 5501950 255
87 193 5501961 255
83 200 5501983 255
79 204 5502000 255
79 203 5502015 255
80 200 5502037 255
82 197 5502048 255
84 188 5502070 255
86 184 5502080 255
96 178 5502102 255
105 177 5502124 255
109 177 5502135 255
114 182 5502156 255
116 184 5502167 255
125 186 5502189 255
131 185 5502200 255
136 181 5502211 255
140 177 5502217 255
161 162 5502243 255
170 150 5502254 255
177 142 5502298 255
