35
103 107 5902560 255
98 107 5902587 255
95 107 5902598 255
92 111 5902619 255
89 120 5902637 255
88 124 5902652 255
87 129 5902663 255
87 134 5902674 255
86 141 5902685 255
85 152 5902706 255
85 161 5902728 255
85 172 5902745 255
86 178 5902760 255
87 185 5902782 255
89 188 5902793 255
96 191 5902815 255
100 192 5902825 255
107 191 5902847 255
112 183 5902869 255
114 179 5902880 255
117 171 5902901 255
119 164 5902912 255
122 158 5902923 255
123 152 5902945 255
123 147 5902955 255
123 142 5902962 255
122 129 5902988 255
121 124 5902999 255
119 117 5903021 255
118 114 5903031 255
118 113 5903042 255
116 112 5903053 255
114 112 5903070 255
112 113 5903086 255
105 121 5903130 255
