33
121 56 10744714 255
118 61 10744774 255
117 66 10744776 255
115 74 10744788 255
109 80 10744800 255
97 100 10744820 255
90 119 10744844 255
87 126 10744846 255
82 139 10744858 255
76 155 10744870 255
72 168 10744882 255
69 184 10744898 255
70 206 10744922 255
74 216 10744934 255
79 227 10744946 255
85 233 10744962 255
103 236 10744986 255
111 232 10744998 255
119 225 10745010 255
136 213 10745038 255
141 205 10745050 255
144 197 10745062 255
147 188 10745088 255
147 184 10745102 255
146 182 10745114 255
135 179 10745138 255
128 178 10745152 255
122 177 10745166 255
106 178 10745190 255
99 180 10745202 255
93 181 10745216 255
86 187 10745242 255
84 196 10745298 255
