50
59 90 10708122 255
64 87 10708164 255
72 86 10708178 255
78 86 10708190 255
88 86 10708214 255
97 86 10708226 255
104 86 10708242 255
113 86 10708266 255
115 87 10708278 255
116 87 10708292 255
117 90 10708318 255
117 96 10708330 255
115 104 10708354 255
114 106 10708354 255
110 111 10708370 255
104 114 10708382 255
97 121 10708406 255
95 124 10708408 255
92 132 10708420 255
89 138 10708434 255
84 146 10708458 255
84 147 10708470 255
83 149 10708484 255
85 151 10708510 255
87 152 10708522 255
92 154 10708534 255
99 155 10708546 255
106 155 10708562 255
113 156 10708574 255
121 159 10708598 255
129 163 10708612 255
134 167 10708626 255
140 173 10708650 255
144 177 10708662 255
145 179 10708676 255
147 182 10708702 255
147 189 10708714 255
147 197 10708728 255
144 205 10708752 255
141 208 10708754 255
135 212 10708766 255
122 222 10708792 255
113 228 10708802 255
103 233 10708818 255
95 236 10708830 255
79 239 10708854 255
72 240 10708868 255
66 239 10708882 255
61 235 10708906 255
60 230 10708944 255
