30
97 126 10734510 255
95 130 10734572 255
94 139 10734584 255
93 145 10734598 255
89 166 10734622 255
87 177 10734636 255
85 191 10734648 255
84 211 10734674 255
84 223 10734686 255
86 232 10734700 255
97 242 10734724 255
104 245 10734738 255
110 245 10734750 255
116 243 10734764 255
121 235 10734776 255
129 225 10734790 255
139 202 10734814 255
142 191 10734828 255
144 178 10734840 255
145 157 10734866 255
144 146 10734876 255
139 136 10734892 255
127 124 10734916 255
122 122 10734928 255
117 120 10734942 255
101 121 10734968 255
97 123 10734980 255
93 130 10735004 255
92 133 10735006 255
91 140 10735056 255
