42
85 89 11195784 255
85 86 11195818 255
85 84 11195832 255
86 75 11195846 255
101 62 11195870 255
109 58 11195884 255
117 55 11195896 255
136 52 11195922 255
142 52 11195936 255
147 53 11195958 255
149 54 11195960 255
150 56 11195974 255
150 59 11195986 255
149 70 11196010 255
148 74 11196012 255
143 81 11196024 255
135 93 11196038 255
122 117 11196064 255
113 130 11196076 255
104 144 11196088 255
90 174 11196114 255
84 189 11196128 255
73 207 11196150 255
65 227 11196166 255
62 235 11196178 255
59 247 11196202 255
59 251 11196216 255
59 255 11196230 255
62 257 11196254 255
67 256 11196266 255
73 255 11196280 255
87 250 11196306 255
97 248 11196318 255
115 246 11196342 255
128 244 11196358 255
138 243 11196370 255
152 242 11196394 255
157 241 11196406 255
160 241 11196422 255
164 241 11196446 255
164 242 11196458 255
164 242 11196508 255
