28
71 126 11194478 255
75 121 11194494 255
78 118 11194506 255
83 109 11194526 255
85 101 11194540 255
93 90 11194564 255
99 86 11194576 255
104 83 11194590 255
111 75 11194616 255
113 72 11194628 255
114 72 11194652 255
115 72 11194652 255
115 78 11194686 255
115 82 11194698 255
114 94 11194718 255
114 105 11194732 255
111 132 11194756 255
109 148 11194768 255
108 164 11194780 255
104 197 11194808 255
103 211 11194820 255
100 229 11194842 255
100 233 11194844 255
99 239 11194858 255
99 243 11194872 255
100 246 11194884 255
100 247 11194896 255
102 247 11194946 255
