39
77 115 10706520 255
82 114 10706560 255
84 114 10706574 255
87 114 10706586 255
103 113 10706610 255
108 113 10706624 255
112 114 10706636 255
116 115 10706662 255
117 116 10706674 255
117 116 10706686 255
118 118 10706714 255
118 119 10706726 255
117 134 10706750 255
115 142 10706766 255
113 150 10706778 255
102 170 10706802 255
97 177 10706814 255
93 189 10706830 255
84 205 10706854 255
79 211 10706866 255
74 215 10706880 255
67 232 10706906 255
64 237 10706918 255
63 241 10706942 255
62 242 10706942 255
63 244 10706958 255
66 245 10706970 255
73 247 10706994 255
75 247 10706994 255
80 247 10707008 255
86 247 10707022 255
97 246 10707046 255
100 246 10707046 255
107 246 10707058 255
112 245 10707070 255
121 245 10707098 255
124 245 10707110 255
128 245 10707122 255
134 244 10707178 255
