32
100 146 10736864 255
100 143 10736892 255
103 135 10736906 255
107 127 10736926 255
109 122 10736938 255
113 109 10736962 255
114 104 10736962 255
116 96 10736976 255
119 91 10736990 255
121 83 10737014 255
122 82 10737014 255
123 79 10737028 255
124 77 10737040 255
125 77 10737066 255
125 78 10737078 255
125 81 10737102 255
124 82 10737102 255
124 85 10737118 255
124 90 10737130 255
123 111 10737154 255
123 126 10737168 255
122 140 10737182 255
122 163 10737206 255
121 178 10737218 255
121 190 10737230 255
121 199 10737246 255
121 208 10737270 255
121 211 10737282 255
121 212 10737294 255
121 212 10737322 255
122 211 10737334 255
123 211 10737384 255
