41
126 54 10713622 255
121 54 10713658 255
119 54 10713672 255
118 55 10713686 255
111 64 10713710 255
106 69 10713710 255
98 76 10713724 255
92 85 10713734 255
71 108 10713762 255
64 120 10713774 255
60 132 10713786 255
57 141 10713800 255
55 157 10713814 255
54 168 10713826 255
53 182 10713838 255
54 195 10713852 255
56 205 10713864 255
70 228 10713890 255
78 234 10713902 255
86 238 10713914 255
97 241 10713928 255
114 237 10713954 255
123 230 10713966 255
135 221 10713990 255
142 213 10714006 255
144 203 10714018 255
146 195 10714030 255
146 184 10714056 255
143 177 10714070 255
136 168 10714082 255
123 157 10714106 255
116 155 10714118 255
106 154 10714134 255
98 154 10714146 255
84 159 10714170 255
75 165 10714182 255
69 171 10714196 255
60 178 10714222 255
57 180 10714234 255
55 182 10714246 255
54 183 10714302 255
