28
53 84 10746420 255
62 82 10746460 255
68 81 10746460 255
77 81 10746476 255
90 80 10746488 255
107 82 10746512 255
124 83 10746526 255
134 84 10746538 255
142 86 10746564 255
144 86 10746564 255
146 88 10746576 255
147 96 10746590 255
146 111 10746616 255
142 122 10746628 255
134 135 10746640 255
123 164 10746668 255
119 183 10746680 255
114 196 10746692 255
100 225 10746716 255
96 234 10746732 255
94 241 10746742 255
93 255 10746768 255
93 261 10746812 255
85 181 10746912 255
93 180 10746936 255
103 179 10746950 255
119 178 10746960 255
142 177 10747006 255
