44
82 94 19223526 255
85 90 19223556 255
89 86 19223568 255
100 80 19223588 255
106 77 19223602 255
111 75 19223616 255
117 80 19223640 255
118 83 19223654 255
119 86 19223668 255
120 93 19223692 255
119 98 19223706 255
118 107 19223720 255
116 116 19223744 255
113 122 19223760 255
109 126 19223772 255
102 131 19223786 255
93 141 19223812 255
90 144 19223824 255
89 146 19223836 255
87 147 19223864 255
87 147 19223878 255
89 145 19223892 255
100 140 19223918 255
106 138 19223930 255
111 138 19223944 255
119 143 19223968 255
126 146 19223984 255
132 149 19223996 255
137 153 19224020 255
139 155 19224022 255
140 163 19224036 255
140 172 19224048 255
135 180 19224074 255
128 195 19224088 255
124 203 19224100 255
120 209 19224116 255
106 217 19224140 255
98 219 19224154 255
92 220 19224166 255
78 219 19224194 255
72 219 19224208 255
68 218 19224220 255
69 217 19224232 255
73 212 19224272 255
