45
141 99 19231150 255
134 98 19231168 255
129 98 19231182 255
124 100 19231196 255
118 111 19231220 255
116 115 19231232 255
113 119 19231248 255
110 122 19231272 255
110 125 19231284 255
111 131 19231300 255
113 140 19231312 255
116 152 19231340 255
119 160 19231352 255
121 169 19231364 255
125 182 19231392 255
126 191 19231404 255
126 200 19231416 255
124 207 19231432 255
121 216 19231444 255
119 226 19231458 255
115 233 19231470 255
101 239 19231496 255
95 239 19231512 255
92 235 19231524 255
90 226 19231548 255
90 223 19231550 255
92 218 19231562 255
98 211 19231576 255
104 201 19231590 255
114 181 19231616 255
118 170 19231628 255
126 159 19231642 255
137 138 19231668 255
139 134 19231668 255
141 129 19231680 255
143 125 19231694 255
143 122 19231708 255
143 121 19231720 255
138 115 19231734 255
132 111 19231748 255
127 108 19231760 255
121 104 19231788 255
119 103 19231800 255
119 102 19231812 255
119 101 19231852 255
