47
145 109 18896356 255
144 104 18896376 255
142 101 18896388 255
137 100 18896400 255
129 98 18896428 255
126 97 18896428 255
123 97 18896440 255
119 98 18896452 255
102 105 18896480 255
96 110 18896492 255
91 114 18896508 255
83 121 18896532 255
78 125 18896548 255
73 135 18896560 255
69 145 18896584 255
70 153 18896598 255
73 161 18896612 255
79 171 18896636 255
80 172 18896638 255
84 175 18896650 255
87 176 18896664 255
96 173 18896678 255
110 163 18896704 255
115 158 18896716 255
122 150 18896730 255
136 132 18896756 255
140 125 18896770 255
143 116 18896782 255
144 109 18896796 255
145 105 18896810 255
146 103 18896822 255
145 103 18896836 255
144 111 18896860 255
142 116 18896876 255
139 122 18896888 255
130 144 18896916 255
127 158 18896928 255
124 173 18896942 255
122 196 18896966 255
122 201 18896968 255
121 208 18896980 255
120 215 18896992 255
120 227 18897020 255
119 235 18897034 255
119 238 18897046 255
120 241 18897058 255
125 244 18897112 255
