37
82 124 18892828 255
88 124 18892902 255
100 124 18892916 255
107 124 18892928 255
113 124 18892944 255
128 124 18892968 255
135 125 18892980 255
140 125 18892992 255
145 127 18893022 255
146 131 18893036 255
146 138 18893048 255
146 146 18893074 255
145 152 18893088 255
144 160 18893100 255
140 175 18893124 255
139 178 18893126 255
135 190 18893140 255
133 200 18893154 255
130 209 18893178 255
129 216 18893192 255
129 222 18893208 255
129 230 18893220 255
132 240 18893244 255
134 244 18893256 255
136 248 18893272 255
137 250 18893322 255
92 197 18893420 255
97 198 18893492 255
107 196 18893508 255
113 195 18893520 255
124 193 18893534 255
142 192 18893560 255
153 192 18893572 255
163 192 18893584 255
178 191 18893612 255
188 191 18893626 255
197 189 18893664 255
