46
148 78 18855988 255
144 84 18856016 255
138 87 18856030 255
130 91 18856046 255
124 97 18856060 255
118 106 18856072 255
109 114 18856084 255
100 120 18856096 255
94 126 18856112 255
86 143 18856136 255
83 148 18856150 255
80 152 18856164 255
73 167 18856190 255
71 174 18856202 255
69 179 18856216 255
67 190 18856244 255
68 198 18856256 255
69 205 18856268 255
73 214 18856294 255
76 222 18856308 255
79 231 18856322 255
83 241 18856348 255
85 245 18856360 255
88 247 18856376 255
95 250 18856400 255
104 251 18856412 255
110 250 18856424 255
114 250 18856440 255
128 247 18856466 255
135 244 18856480 255
140 235 18856492 255
145 221 18856520 255
146 215 18856532 255
145 207 18856544 255
136 193 18856572 255
129 190 18856584 255
124 188 18856598 255
113 186 18856624 255
103 187 18856638 255
96 189 18856652 255
88 202 18856676 255
85 207 18856688 255
82 211 18856704 255
80 214 18856730 255
81 215 18856742 255
84 215 18856780 255
