54
92 97 18851872 255
89 103 18851924 255
88 109 18851936 255
88 115 18851950 255
87 123 18851974 255
86 129 18851976 255
86 139 18851988 255
85 146 18852002 255
85 153 18852016 255
85 156 18852028 255
85 161 18852028 255
84 170 18852040 255
84 176 18852054 255
84 180 18852068 255
84 185 18852092 255
84 187 18852106 255
84 189 18852120 255
85 190 18852148 255
85 190 18852160 255
86 190 18852172 255
95 189 18852200 255
103 188 18852212 255
109 187 18852226 255
119 186 18852252 255
128 185 18852266 255
134 185 18852280 255
143 183 18852304 255
144 182 18852316 255
146 181 18852332 255
147 179 18852356 255
147 174 18852370 255
147 167 18852384 255
147 157 18852410 255
147 149 18852424 255
146 140 18852436 255
146 132 18852462 255
146 129 18852476 255
146 128 18852488 255
146 130 18852514 255
146 133 18852528 255
145 139 18852542 255
145 146 18852556 255
144 157 18852568 255
144 169 18852580 255
144 181 18852596 255
143 195 18852608 255
143 212 18852632 255
143 224 18852646 255
143 233 18852660 255
144 241 18852684 255
144 243 18852686 255
145 246 18852700 255
146 248 18852712 255
149 247 18852750 255
