50
152 96 18880268 255
147 96 18880348 255
143 101 18880360 255
134 110 18880374 255
125 119 18880398 255
123 122 18880400 255
120 126 18880412 255
117 135 18880426 255
115 142 18880440 255
114 145 18880452 255
112 150 18880464 255
111 153 18880476 255
110 161 18880492 255
109 178 18880516 255
109 187 18880532 255
109 197 18880544 255
109 209 18880572 255
109 212 18880584 255
110 215 18880596 255
112 219 18880624 255
113 222 18880624 255
115 228 18880636 255
117 233 18880648 255
123 239 18880676 255
127 240 18880688 255
132 241 18880704 255
138 241 18880728 255
139 240 18880728 255
143 234 18880740 255
146 226 18880756 255
149 219 18880768 255
164 197 18880794 255
170 188 18880808 255
176 171 18880820 255
180 156 18880848 255
180 147 18880860 255
180 139 18880872 255
179 127 18880900 255
178 124 18880912 255
176 120 18880926 255
171 117 18880938 255
164 111 18880952 255
159 107 18880966 255
155 104 18880980 255
151 102 18881004 255
150 103 18881004 255
148 103 18881018 255
146 106 18881032 255
140 112 18881044 255
133 117 18881084 255
