48
78 100 19225064 255
79 104 19225106 255
79 111 19225120 255
79 117 19225140 255
79 120 19225154 255
80 126 19225166 255
80 144 19225192 255
81 150 19225204 255
81 156 19225220 255
81 170 19225244 255
82 175 19225256 255
82 178 19225270 255
83 179 19225284 255
86 181 19225312 255
90 182 19225324 255
98 182 19225336 255
111 182 19225364 255
115 181 19225376 255
119 181 19225388 255
127 180 19225416 255
130 179 19225416 255
134 178 19225430 255
137 177 19225442 255
141 168 19225468 255
141 163 19225484 255
140 159 19225496 255
134 151 19225520 255
132 147 19225520 255
129 140 19225534 255
127 136 19225548 255
124 131 19225574 255
124 131 19225584 255
124 131 19225600 255
127 140 19225626 255
129 146 19225640 255
132 151 19225652 255
137 167 19225678 255
138 171 19225680 255
140 182 19225692 255
142 195 19225704 255
144 212 19225730 255
144 224 19225744 255
145 233 19225756 255
146 243 19225784 255
147 247 19225796 255
148 248 19225812 255
149 248 19225824 255
149 248 19225854 255
