48
134 90 19202524 255
126 90 19202540 255
123 91 19202552 255
120 92 19202564 255
116 95 19202592 255
115 97 19202592 255
111 104 19202606 255
107 110 19202618 255
103 115 19202632 255
98 122 19202660 255
99 126 19202672 255
104 139 19202696 255
109 147 19202712 255
113 152 19202724 255
116 159 19202736 255
118 163 19202748 255
124 175 19202764 255
129 185 19202776 255
133 197 19202792 255
134 213 19202816 255
131 223 19202828 255
127 232 19202844 255
121 239 19202868 255
119 241 19202868 255
115 243 19202882 255
110 244 19202896 255
104 243 19202910 255
101 242 19202920 255
96 230 19202934 255
94 223 19202948 255
95 216 19202960 255
105 193 19202988 255
112 174 19203000 255
117 164 19203012 255
132 141 19203040 255
137 135 19203040 255
145 120 19203068 255
147 110 19203080 255
149 103 19203092 255
150 96 19203106 255
150 81 19203132 255
149 76 19203144 255
148 73 19203158 255
146 73 19203172 255
137 78 19203198 255
132 82 19203212 255
128 85 19203224 255
124 89 19203268 255
