30
160 92 12429898 255
157 89 12429908 255
153 86 12429932 255
151 85 12429932 255
145 80 12429946 255
133 73 12429960 255
110 75 12429984 255
100 79 12429996 255
92 82 12430008 255
80 98 12430034 255
80 106 12430048 255
83 114 12430072 255
93 117 12430088 255
103 118 12430098 255
114 116 12430122 255
118 114 12430124 255
127 105 12430136 255
139 92 12430164 255
141 90 12430176 255
142 88 12430188 255
143 89 12430214 255
143 93 12430214 255
143 103 12430226 255
142 114 12430240 255
141 144 12430264 255
142 161 12430278 255
142 177 12430292 255
144 202 12430316 255
145 208 12430328 255
145 211 12430366 255
