28
61 87 12741468 255
69 87 12741502 255
73 87 12741504 255
79 87 12741516 255
92 87 12741530 255
108 88 12741554 255
113 88 12741556 255
127 88 12741568 255
136 88 12741580 255
145 87 12741608 255
147 87 12741618 255
148 87 12741630 255
148 88 12741642 255
145 97 12741658 255
137 106 12741670 255
127 126 12741694 255
124 132 12741696 255
121 145 12741708 255
118 161 12741722 255
116 176 12741746 255
116 183 12741748 255
115 193 12741760 255
114 200 12741804 255
81 153 12741902 255
87 151 12741928 255
104 150 12741942 255
127 149 12741960 255
143 149 12742002 255
