25
169 87 12426098 255
161 86 12426110 255
151 84 12426134 255
139 84 12426146 255
129 85 12426160 255
102 100 12426186 255
92 111 12426198 255
79 128 12426210 255
65 168 12426236 255
64 188 12426248 255
76 222 12426274 255
85 232 12426288 255
97 238 12426300 255
110 241 12426324 255
125 233 12426338 255
133 224 12426352 255
137 214 12426376 255
128 196 12426390 255
123 190 12426400 255
104 185 12426428 255
99 184 12426428 255
85 184 12426440 255
73 190 12426452 255
62 203 12426478 255
59 209 12426516 255
