26
173 85 12740330 255
169 77 12740340 255
160 66 12740360 255
145 60 12740386 255
134 61 12740398 255
110 75 12740422 255
99 81 12740436 255
92 94 12740448 255
80 122 12740474 255
79 135 12740486 255
80 155 12740500 255
81 162 12740512 255
89 190 12740524 255
99 201 12740538 255
109 209 12740548 255
133 214 12740576 255
143 213 12740588 255
154 197 12740614 255
154 190 12740628 255
151 183 12740640 255
135 166 12740664 255
124 162 12740678 255
109 163 12740692 255
88 174 12740716 255
80 180 12740728 255
77 184 12740772 255
