34
141 144 132303720 255
136 142 132303752 255
130 141 132303760 255
127 140 132303776 255
118 139 132303800 255
111 141 132303816 255
104 142 132303824 255
94 148 132303856 255
91 154 132303864 255
89 167 132303888 255
89 172 132303904 255
92 184 132303928 255
97 187 132303944 255
104 188 132303952 255
114 185 132303984 255
117 184 132303984 255
123 180 132303992 255
128 175 132304008 255
134 165 132304032 255
135 162 132304032 255
137 157 132304048 255
137 154 132304056 255
138 152 132304080 255
139 155 132304096 255
139 158 132304112 255
140 167 132304136 255
141 173 132304144 255
142 183 132304160 255
143 201 132304184 255
144 210 132304200 255
144 216 132304208 255
145 229 132304240 255
146 234 132304248 255
146 236 132304296 255
