27
154 149 132327320 255
151 146 132327344 255
150 144 132327360 255
149 144 132327376 255
148 144 132327392 255
141 144 132327400 255
131 145 132327408 255
124 147 132327424 255
110 155 132327440 255
101 164 132327456 255
95 170 132327464 255
89 190 132327488 255
88 199 132327504 255
89 207 132327520 255
97 217 132327528 255
113 232 132327552 255
127 235 132327568 255
137 231 132327584 255
150 215 132327608 255
154 204 132327616 255
155 192 132327632 255
154 174 132327656 255
152 163 132327672 255
151 156 132327680 255
147 147 132327712 255
146 145 132327720 255
146 145 132327760 255
