28
104 143 132293728 255
109 142 132293768 255
111 143 132293776 255
119 149 132293800 255
122 155 132293816 255
124 162 132293824 255
125 175 132293856 255
124 184 132293864 255
121 193 132293880 255
108 210 132293904 255
99 217 132293920 255
89 222 132293928 255
69 228 132293952 255
63 229 132293968 255
60 227 132293984 255
59 223 132294008 255
64 219 132294016 255
72 215 132294032 255
89 212 132294056 255
98 212 132294072 255
111 214 132294096 255
116 219 132294112 255
120 223 132294120 255
131 232 132294144 255
137 234 132294160 255
144 236 132294176 255
159 237 132294200 255
164 236 132294232 255
