27
96 122 132331096 255
103 120 132331120 255
107 119 132331120 255
115 117 132331128 255
133 116 132331152 255
144 117 132331160 255
152 120 132331176 255
156 124 132331184 255
158 127 132331200 255
155 134 132331216 255
149 140 132331224 255
139 148 132331240 255
130 156 132331248 255
124 163 132331264 255
119 171 132331288 255
121 178 132331304 255
129 183 132331312 255
145 192 132331344 255
161 201 132331352 255
168 205 132331368 255
171 210 132331376 255
161 219 132331408 255
148 223 132331416 255
133 227 132331432 255
102 232 132331456 255
90 230 132331472 255
84 231 132331512 255
