30
164 171 131474584 255
161 165 131474592 255
157 157 131474616 255
154 153 131474624 255
153 151 131474640 255
150 150 131474664 255
147 154 131474680 255
137 160 131474688 255
123 173 131474720 255
117 179 131474728 255
106 188 131474744 255
94 209 131474768 255
91 222 131474784 255
90 230 131474792 255
97 240 131474816 255
105 245 131474832 255
111 250 131474848 255
123 252 131474872 255
132 250 131474880 255
138 247 131474896 255
144 243 131474920 255
145 242 131474936 255
145 240 131474944 255
132 229 131474976 255
127 223 131474984 255
119 217 131475008 255
111 218 131475024 255
103 221 131475040 255
94 228 131475064 255
92 233 131475104 255
