57
143 171 131460856 255
145 167 131460880 255
146 160 131460896 255
146 156 131460912 255
144 154 131460936 255
142 152 131460944 255
138 150 131460960 255
132 148 131460984 255
130 148 131460984 255
126 148 131461000 255
123 147 131461008 255
115 148 131461040 255
111 150 131461048 255
103 153 131461072 255
96 159 131461088 255
93 163 131461104 255
89 172 131461128 255
89 174 131461136 255
88 178 131461152 255
88 189 131461176 255
88 194 131461192 255
88 199 131461200 255
89 208 131461232 255
90 211 131461240 255
92 218 131461264 255
94 226 131461280 255
97 228 131461296 255
103 231 131461320 255
105 232 131461320 255
108 233 131461328 255
112 234 131461344 255
118 235 131461368 255
120 234 131461368 255
125 231 131461384 255
139 223 131461408 255
144 219 131461424 255
148 215 131461432 255
152 209 131461456 255
154 203 131461472 255
155 196 131461488 255
156 187 131461512 255
157 181 131461520 255
157 178 131461536 255
157 174 131461552 255
154 163 131461576 255
153 160 131461584 255
151 156 131461600 255
148 152 131461624 255
146 150 131461640 255
145 149 131461648 255
144 148 131461664 255
143 148 131461680 255
139 147 131461688 255
137 147 131461704 255
136 147 131461728 255
138 147 131461752 255
140 148 131461792 255
