34
90 93 258189792 255
91 97 258189824 255
91 102 258189840 255
91 106 258189840 255
88 115 258189872 255
85 123 258189888 255
84 125 258189904 255
79 130 258189920 255
76 132 258189936 255
76 132 258189968 255
78 132 258189968 255
81 131 258189984 255
88 132 258190000 255
96 132 258190000 255
110 137 258190032 255
124 144 258190048 255
134 154 258190064 255
136 158 258190096 255
137 163 258190096 255
135 167 258190112 255
132 171 258190112 255
127 175 258190128 255
119 178 258190128 255
109 181 258190160 255
99 184 258190160 255
80 185 258190176 255
73 185 258190192 255
67 184 258190192 255
63 182 258190256 255
99 95 258190560 255
104 92 258190592 255
107 92 258190608 255
122 92 258190624 255
132 93 258190656 255
