29
67 125 258213520 255
64 121 258213536 255
64 119 258213536 255
67 114 258213552 255
72 110 258213568 255
79 106 258213584 255
96 101 258213600 255
105 102 258213616 255
112 104 258213632 255
118 117 258213664 255
117 126 258213664 255
114 135 258213680 255
108 146 258213696 255
101 156 258213712 255
96 163 258213728 255
91 171 258213744 255
80 186 258213760 255
78 189 258213760 255
75 195 258213776 255
74 200 258213792 255
74 203 258213808 255
76 205 258213824 255
84 207 258213824 255
95 206 258213840 255
107 204 258213856 255
114 202 258213872 255
121 201 258213872 255
137 197 258213888 255
151 193 258213920 255
