34
45 183 258211808 255
52 176 258211824 255
57 171 258211840 255
68 165 258211856 255
77 157 258211872 255
87 149 258211888 255
99 140 258211904 255
108 131 258211904 255
116 121 258211920 255
122 106 258211952 255
122 101 258211968 255
121 97 258211968 255
116 95 258212000 255
114 97 258212016 255
111 105 258212032 255
110 109 258212048 255
109 119 258212064 255
108 139 258212096 255
107 146 258212096 255
107 164 258212112 255
105 180 258212128 255
102 196 258212144 255
99 207 258212160 255
94 216 258212176 255
90 223 258212192 255
87 229 258212208 255
84 232 258212224 255
83 232 258212240 255
85 230 258212256 255
95 224 258212272 255
105 220 258212288 255
115 217 258212304 255
126 215 258212320 255
130 215 258212368 255
