29
168 92 258192320 255
161 92 258192352 255
158 91 258192368 255
152 92 258192368 255
139 96 258192400 255
133 99 258192416 255
113 111 258192432 255
95 124 258192448 255
87 134 258192464 255
76 147 258192480 255
69 162 258192496 255
67 172 258192512 255
70 185 258192544 255
77 197 258192560 255
83 203 258192560 255
91 208 258192576 255
111 212 258192608 255
122 211 258192624 255
133 207 258192640 255
147 194 258192656 255
150 187 258192672 255
149 180 258192688 255
136 167 258192704 255
126 163 258192720 255
121 162 258192736 255
96 162 258192768 255
85 165 258192784 255
76 171 258192784 255
68 181 258192832 255
