24
55 102 258194496 255
64 100 258194528 255
82 102 258194544 255
98 103 258194560 255
114 104 258194576 255
130 105 258194576 255
143 105 258194592 255
154 103 258194608 255
161 100 258194624 255
163 97 258194656 255
160 96 258194656 255
155 98 258194672 255
143 105 258194704 255
138 108 258194704 255
130 114 258194720 255
123 123 258194720 255
115 136 258194736 255
108 150 258194752 255
103 160 258194768 255
96 182 258194784 255
94 193 258194800 255
90 204 258194816 255
87 218 258194848 255
85 232 258194880 255
