35
65 148 258182400 255
60 150 258182416 255
59 148 258182432 255
60 145 258182448 255
64 141 258182464 255
68 140 258182480 255
74 137 258182496 255
88 132 258182512 255
100 130 258182528 255
109 131 258182560 255
115 133 258182576 255
117 136 258182592 255
118 141 258182608 255
115 148 258182640 255
105 162 258182656 255
95 177 258182656 255
85 192 258182688 255
82 197 258182688 255
78 201 258182688 255
72 208 258182720 255
69 212 258182736 255
67 215 258182736 255
65 218 258182752 255
64 224 258182768 255
64 226 258182784 255
68 227 258182800 255
81 226 258182816 255
90 223 258182848 255
99 222 258182848 255
113 218 258182864 255
127 215 258182864 255
138 211 258182880 255
145 209 258182880 255
154 208 258182912 255
157 210 258182960 255
