23
152 113 258340832 255
145 113 258340880 255
141 114 258340896 255
129 122 258340912 255
118 131 258340928 255
107 139 258340944 255
101 145 258340944 255
84 170 258340976 255
82 174 258340976 255
79 183 258340992 255
79 192 258341008 255
81 200 258341024 255
86 207 258341056 255
100 208 258341088 255
116 208 258341120 255
130 205 258341120 255
141 197 258341152 255
139 193 258341184 255
135 191 258341184 255
119 188 258341200 255
111 188 258341232 255
103 190 258341232 255
92 195 258341296 255
