35
97 117 14737478 255
94 113 14737512 255
93 111 14737522 255
92 108 14737544 255
91 106 14737554 255
91 99 14737576 255
93 95 14737582 255
95 90 14737598 255
100 86 14737620 255
104 81 14737630 255
115 75 14737652 255
120 73 14737662 255
131 75 14737684 255
135 79 14737690 255
139 96 14737716 255
129 130 14737738 255
120 146 14737750 255
103 165 14737770 255
94 172 14737782 255
75 182 14737800 255
64 186 14737826 255
61 186 14737836 255
58 186 14737858 255
59 185 14737868 255
66 180 14737890 255
76 177 14737908 255
83 177 14737922 255
99 178 14737944 255
107 179 14737954 255
124 181 14737976 255
138 182 14737998 255
152 180 14738016 255
158 179 14738030 255
162 177 14738042 255
166 175 14738076 255
