38
161 161 14740686 255
155 163 14740726 255
145 164 14740742 255
138 164 14740758 255
132 165 14740768 255
114 165 14740790 255
107 165 14740802 255
101 165 14740812 255
97 165 14740822 255
91 165 14740844 255
89 165 14740850 255
88 165 14740876 255
87 163 14740888 255
87 160 14740898 255
88 154 14740910 255
98 143 14740932 255
105 130 14740942 255
115 107 14740960 255
125 88 14740974 255
130 82 14740986 255
131 79 14740996 255
134 72 14741018 255
135 69 14741028 255
136 68 14741050 255
135 68 14741068 255
134 70 14741082 255
130 79 14741104 255
128 86 14741116 255
123 119 14741136 255
122 152 14741148 255
120 176 14741170 255
120 184 14741176 255
119 189 14741190 255
119 195 14741202 255
119 206 14741224 255
118 210 14741234 255
118 216 14741256 255
119 218 14741290 255
