35
80 74 14769350 255
86 72 14769404 255
93 72 14769414 255
104 72 14769436 255
120 72 14769454 255
127 73 14769468 255
133 74 14769480 255
137 76 14769490 255
140 80 14769502 255
139 90 14769522 255
135 94 14769534 255
127 100 14769556 255
121 104 14769562 255
111 109 14769578 255
103 113 14769588 255
92 116 14769610 255
87 117 14769620 255
80 119 14769642 255
79 119 14769652 255
80 120 14769664 255
81 120 14769670 255
87 122 14769696 255
94 124 14769706 255
111 129 14769728 255
120 131 14769740 255
140 151 14769762 255
146 160 14769778 255
147 167 14769794 255
146 178 14769816 255
139 183 14769826 255
129 188 14769848 255
114 188 14769870 255
102 182 14769886 255
98 178 14769902 255
94 176 14769936 255
