40
145 150 14771282 255
135 149 14771320 255
131 149 14771330 255
117 150 14771352 255
109 151 14771358 255
98 156 14771384 255
91 157 14771396 255
84 159 14771406 255
77 160 14771416 255
69 162 14771438 255
65 163 14771450 255
62 163 14771466 255
61 161 14771482 255
68 156 14771504 255
75 147 14771526 255
79 143 14771536 255
96 123 14771558 255
113 94 14771574 255
116 86 14771590 255
120 77 14771612 255
123 72 14771622 255
127 65 14771644 255
129 63 14771654 255
131 59 14771676 255
131 58 14771698 255
131 59 14771710 255
126 64 14771730 255
124 70 14771742 255
121 86 14771764 255
119 106 14771774 255
117 123 14771784 255
113 153 14771792 255
110 172 14771818 255
109 181 14771828 255
109 188 14771850 255
108 192 14771860 255
106 197 14771882 255
106 200 14771900 255
107 201 14771914 255
110 202 14771958 255
