50
153 95 14781680 255
151 88 14781720 255
150 85 14781730 255
148 80 14781748 255
144 78 14781762 255
134 74 14781784 255
130 73 14781796 255
123 70 14781816 255
110 71 14781838 255
100 72 14781856 255
97 73 14781870 255
94 75 14781882 255
90 85 14781904 255
89 90 14781914 255
88 94 14781924 255
88 98 14781936 255
89 108 14781958 255
94 114 14781964 255
104 122 14781990 255
107 124 14782000 255
110 126 14782012 255
115 127 14782022 255
127 122 14782044 255
133 118 14782054 255
140 112 14782072 255
143 110 14782088 255
144 108 14782098 255
146 104 14782108 255
148 98 14782130 255
149 96 14782142 255
149 92 14782162 255
150 88 14782180 255
150 87 14782196 255
150 87 14782206 255
150 86 14782228 255
150 88 14782250 255
150 95 14782272 255
151 107 14782288 255
152 116 14782304 255
153 133 14782314 255
152 175 14782336 255
149 192 14782358 255
147 205 14782368 255
130 219 14782390 255
127 221 14782396 255
113 222 14782422 255
107 218 14782434 255
100 211 14782444 255
94 203 14782456 255
90 190 14782488 255
