55
157 97 14266172 255
154 92 14266200 255
154 88 14266210 255
154 82 14266232 255
153 79 14266244 255
152 70 14266264 255
151 65 14266276 255
150 61 14266286 255
148 57 14266294 255
136 52 14266318 255
132 50 14266330 255
121 50 14266352 255
114 52 14266362 255
107 53 14266374 255
102 56 14266384 255
95 63 14266402 255
92 67 14266416 255
88 79 14266438 255
87 85 14266448 255
86 95 14266470 255
87 101 14266482 255
97 118 14266504 255
105 126 14266510 255
118 137 14266536 255
131 149 14266546 255
142 160 14266568 255
150 176 14266590 255
155 184 14266600 255
159 194 14266618 255
158 203 14266632 255
154 214 14266654 255
152 217 14266666 255
135 224 14266698 255
130 225 14266708 255
115 226 14266726 255
108 226 14266742 255
103 225 14266752 255
96 216 14266774 255
93 203 14266796 255
96 190 14266806 255
111 165 14266828 255
114 155 14266834 255
122 144 14266860 255
129 141 14266872 255
134 138 14266882 255
138 134 14266892 255
144 120 14266914 255
146 117 14266926 255
149 111 14266942 255
149 106 14266958 255
150 101 14266968 255
150 95 14266980 255
150 86 14267000 255
150 83 14267012 255
150 81 14267040 255
