41
93 87 14257016 255
91 83 14257042 255
91 81 14257054 255
91 79 14257076 255
99 76 14257092 255
104 75 14257108 255
108 74 14257118 255
114 71 14257130 255
123 69 14257140 255
135 70 14257162 255
141 71 14257172 255
151 77 14257194 255
155 80 14257200 255
156 86 14257226 255
152 98 14257248 255
146 105 14257260 255
129 118 14257280 255
122 122 14257292 255
112 126 14257308 255
104 128 14257334 255
101 129 14257346 255
99 130 14257368 255
99 131 14257378 255
105 134 14257400 255
115 138 14257418 255
123 141 14257432 255
135 148 14257454 255
143 155 14257464 255
156 171 14257486 255
158 179 14257498 255
158 184 14257508 255
152 196 14257526 255
146 201 14257540 255
138 204 14257552 255
124 207 14257574 255
116 206 14257584 255
109 205 14257594 255
102 202 14257606 255
91 195 14257628 255
87 192 14257634 255
84 184 14257682 255
