29
145 72 152885 255
138 69 152913 255
133 68 152924 255
119 69 152946 255
111 73 152957 255
97 81 152974 255
88 86 152989 255
81 90 153000 255
79 93 153011 255
81 105 153033 255
82 110 153044 255
101 140 153065 255
116 174 153082 255
125 183 153098 255
135 200 153120 255
136 203 153130 255
131 202 153152 255
127 198 153163 255
124 195 153174 255
121 191 153185 255
110 174 153206 255
108 164 153217 255
113 131 153239 255
116 110 153250 255
136 77 153272 255
141 71 153282 255
144 67 153293 255
147 58 153300 255
168 35 153349 255
