34
111 78 440523 255
109 83 440553 255
105 87 440563 255
97 103 440585 255
91 121 440596 255
74 150 440613 255
67 163 440629 255
64 171 440639 255
62 175 440650 255
61 181 440672 255
65 184 440683 255
74 191 440704 255
88 194 440722 255
95 193 440737 255
112 190 440759 255
123 186 440770 255
142 166 440791 255
146 161 440802 255
148 155 440813 255
149 147 440824 255
149 142 440830 255
149 137 440846 255
148 130 440867 255
148 128 440878 255
147 126 440900 255
147 127 440922 255
147 132 440932 255
147 145 440954 255
147 154 440965 255
148 190 440987 255
149 214 440998 255
150 255 441019 255
150 265 441030 255
151 281 441075 255
