28
144 70 24908128 255
134 71 24908176 255
130 72 24908188 255
121 73 24908204 255
113 77 24908220 255
101 88 24908240 255
91 96 24908252 255
79 111 24908264 255
67 125 24908274 255
62 137 24908296 255
71 154 24908312 255
75 159 24908328 255
79 164 24908340 255
86 169 24908350 255
97 174 24908360 255
112 172 24908382 255
124 170 24908392 255
166 142 24908414 255
172 137 24908420 255
177 117 24908448 255
178 103 24908468 255
177 94 24908480 255
161 81 24908500 255
156 78 24908512 255
145 76 24908524 255
138 75 24908528 255
125 74 24908556 255
117 75 24908588 255
