26
84 77 25374992 255
92 76 25375030 255
99 75 25375040 255
117 73 25375062 255
131 73 25375080 255
136 73 25375096 255
140 73 25375104 255
142 74 25375116 255
144 76 25375128 255
145 89 25375148 255
139 102 25375160 255
118 160 25375180 255
115 168 25375188 255
103 185 25375204 255
98 191 25375214 255
94 202 25375236 255
93 207 25375246 255
92 216 25375286 255
78 175 25375356 255
80 171 25375398 255
81 171 25375408 255
92 170 25375430 255
100 169 25375440 255
124 166 25375458 255
149 159 25375472 255
195 140 25375518 255
