29
144 84 25377566 255
138 81 25377594 255
133 80 25377604 255
124 80 25377626 255
115 82 25377636 255
101 91 25377654 255
83 102 25377670 255
63 124 25377680 255
60 129 25377692 255
58 134 25377712 255
57 137 25377724 255
58 142 25377744 255
70 141 25377762 255
81 138 25377778 255
129 112 25377800 255
139 106 25377810 255
149 91 25377832 255
156 86 25377844 255
161 83 25377864 255
160 84 25377872 255
158 88 25377886 255
156 93 25377896 255
140 116 25377918 255
123 142 25377928 255
115 163 25377952 255
107 177 25377962 255
101 185 25377972 255
98 189 25377980 255
94 210 25378028 255
