32
129 92 25337956 255
122 89 25337994 255
120 88 25338004 255
108 88 25338028 255
103 90 25338038 255
94 96 25338056 255
89 98 25338070 255
81 101 25338080 255
74 110 25338092 255
62 129 25338112 255
59 143 25338124 255
57 157 25338146 255
57 167 25338164 255
64 174 25338178 255
75 184 25338200 255
79 186 25338212 255
94 185 25338232 255
100 182 25338244 255
118 173 25338264 255
132 160 25338272 255
140 148 25338288 255
144 141 25338296 255
148 120 25338320 255
148 115 25338330 255
147 101 25338352 255
144 93 25338362 255
136 86 25338372 255
130 83 25338380 255
119 79 25338406 255
111 79 25338416 255
104 80 25338428 255
93 86 25338460 255
