29
62 71 25348418 255
71 71 25348490 255
81 70 25348500 255
90 69 25348508 255
102 67 25348524 255
113 67 25348532 255
129 65 25348556 255
134 66 25348566 255
138 66 25348576 255
141 67 25348588 255
145 69 25348608 255
146 71 25348616 255
136 90 25348642 255
100 141 25348652 255
84 176 25348674 255
70 188 25348684 255
64 192 25348696 255
62 196 25348706 255
59 208 25348724 255
58 212 25348740 255
57 220 25348784 255
75 144 25348904 255
80 141 25348944 255
81 142 25348956 255
94 144 25348976 255
116 146 25348994 255
131 144 25349008 255
149 142 25349020 255
169 139 25349054 255
