25
75 122 22086168 255
81 120 22086218 255
82 118 22086228 255
84 113 22086250 255
90 110 22086256 255
101 103 22086284 255
106 99 22086294 255
109 95 22086304 255
113 91 22086316 255
120 86 22086336 255
123 84 22086348 255
125 82 22086364 255
124 82 22086380 255
124 84 22086392 255
123 87 22086402 255
121 95 22086424 255
120 101 22086436 255
117 117 22086456 255
102 155 22086472 255
97 166 22086488 255
93 186 22086520 255
94 189 22086532 255
96 191 22086544 255
103 193 22086564 255
109 193 22086608 255
