25
89 72 21662430 255
94 72 21662480 255
104 72 21662496 255
108 72 21662512 255
112 73 21662524 255
116 77 21662544 255
117 82 21662556 255
117 87 21662566 255
115 92 21662576 255
97 121 21662600 255
87 140 21662604 255
77 159 21662632 255
77 161 21662642 255
78 163 21662652 255
79 164 21662664 255
83 167 21662684 255
87 167 21662696 255
100 166 21662712 255
108 165 21662728 255
117 161 21662740 255
127 155 21662750 255
141 147 21662772 255
144 144 21662784 255
147 141 21662804 255
147 138 21662840 255
