25
183 150 2523006 255
195 142 2523029 255
218 139 2523045 255
233 141 2523062 255
246 155 2523078 255
248 171 2523095 255
237 201 2523111 255
216 227 2523128 255
195 243 2523144 255
184 250 2523160 255
179 253 2523177 255
178 256 2523193 255
186 262 2523210 255
216 274 2523226 255
246 292 2523243 255
278 317 2523259 255
290 338 2523275 255
293 359 2523292 255
290 369 2523308 255
274 377 2523325 255
246 386 2523341 255
210 391 2523358 255
185 388 2523374 255
163 384 2523390 255
150 381 2523423 255
