29
266 180 2417014 255
251 165 2417032 255
233 141 2417049 255
211 128 2417065 255
195 126 2417082 255
170 144 2417098 255
147 182 2417114 255
141 220 2417131 255
144 252 2417147 255
157 277 2417164 255
166 291 2417180 255
173 296 2417197 255
178 293 2417213 255
184 285 2417229 255
193 279 2417246 255
214 275 2417262 255
238 280 2417279 255
273 298 2417295 255
294 322 2417312 255
310 359 2417328 255
314 389 2417344 255
305 421 2417361 255
291 444 2417377 255
262 463 2417394 255
231 476 2417410 255
203 479 2417427 255
182 474 2417443 255
166 465 2417459 255
162 456 2417498 255
