28
168 186 2415028 255
178 177 2415044 255
201 165 2415061 255
229 158 2415077 255
259 161 2415094 255
281 172 2415110 255
290 198 2415127 255
285 223 2415143 255
260 252 2415159 255
240 267 2415176 255
213 284 2415192 255
200 289 2415209 255
196 291 2415225 255
196 294 2415242 255
212 302 2415258 255
238 318 2415274 255
268 329 2415291 255
290 349 2415307 255
302 369 2415324 255
308 397 2415340 255
299 425 2415357 255
281 451 2415373 255
252 472 2415389 255
230 479 2415406 255
205 482 2415422 255
190 481 2415439 255
179 474 2415455 255
177 471 2415485 255
