26
258 152 2526068 255
252 144 2526085 255
245 135 2526101 255
238 134 2526118 255
217 154 2526134 255
190 198 2526151 255
174 252 2526167 255
160 306 2526183 255
157 355 2526200 255
162 402 2526216 255
174 424 2526233 255
187 444 2526249 255
204 452 2526266 255
228 450 2526282 255
262 433 2526298 255
284 404 2526315 255
286 380 2526331 255
278 356 2526348 255
255 339 2526364 255
232 330 2526381 255
205 336 2526397 255
180 352 2526413 255
154 376 2526430 255
140 409 2526446 255
140 415 2526463 255
140 417 2526487 255
