25
270 204 2418031 255
270 189 2418051 255
265 176 2418067 255
255 168 2418084 255
246 166 2418100 255
225 181 2418117 255
192 221 2418133 255
175 270 2418149 255
162 325 2418166 255
161 373 2418182 255
174 409 2418199 255
184 428 2418215 255
213 443 2418232 255
240 445 2418248 255
273 435 2418264 255
291 419 2418281 255
300 386 2418297 255
294 361 2418314 255
277 340 2418330 255
255 333 2418347 255
226 337 2418363 255
195 355 2418380 255
168 384 2418396 255
150 411 2418412 255
145 432 2418449 255
