35
92 91 15414558 255
91 88 15414574 255
91 86 15414586 255
91 83 15414606 255
95 81 15414618 255
105 79 15414640 255
114 79 15414656 255
121 81 15414672 255
132 89 15414694 255
136 93 15414704 255
139 100 15414726 255
137 107 15414738 255
132 114 15414748 255
124 124 15414766 255
120 127 15414780 255
114 129 15414792 255
104 132 15414812 255
101 133 15414824 255
100 133 15414834 255
104 133 15414846 255
111 132 15414868 255
119 132 15414874 255
132 132 15414900 255
138 133 15414910 255
152 142 15414932 255
158 150 15414942 255
156 167 15414964 255
151 182 15414982 255
141 188 15414998 255
134 191 15415008 255
123 194 15415030 255
109 194 15415052 255
103 194 15415062 255
97 190 15415084 255
96 186 15415118 255
