43
141 87 14897652 255
135 84 14897690 255
132 83 14897700 255
127 83 14897722 255
122 85 14897740 255
118 88 14897756 255
111 91 14897766 255
105 94 14897776 255
100 96 14897788 255
90 100 14897810 255
83 102 14897820 255
74 107 14897842 255
72 113 14897848 255
77 122 14897874 255
88 128 14897896 255
95 130 14897906 255
124 141 14897928 255
137 150 14897940 255
155 160 14897956 255
162 163 14897972 255
166 165 14897982 255
169 169 14897994 255
170 179 14898016 255
166 183 14898026 255
158 190 14898048 255
142 195 14898066 255
134 196 14898080 255
116 197 14898102 255
109 197 14898112 255
99 196 14898134 255
95 193 14898146 255
93 188 14898156 255
92 179 14898174 255
96 174 14898188 255
104 163 14898200 255
115 145 14898222 255
124 139 14898232 255
141 118 14898254 255
146 111 14898276 255
147 108 14898282 255
149 99 14898308 255
149 94 14898318 255
149 89 14898352 255
