37
68 103 14895472 255
73 104 14895522 255
76 104 14895532 255
81 103 14895554 255
84 103 14895560 255
98 102 14895586 255
103 101 14895598 255
108 100 14895608 255
114 100 14895618 255
128 98 14895640 255
133 97 14895652 255
141 96 14895668 255
144 96 14895684 255
146 97 14895694 255
148 97 14895706 255
149 98 14895728 255
150 99 14895738 255
150 102 14895760 255
150 105 14895776 255
149 111 14895792 255
147 121 14895814 255
145 126 14895824 255
135 146 14895846 255
130 154 14895858 255
126 167 14895868 255
122 187 14895886 255
120 196 14895900 255
119 206 14895912 255
118 216 14895934 255
117 220 14895944 255
116 222 14895978 255
97 169 14896120 255
104 167 14896172 255
108 167 14896182 255
126 165 14896204 255
139 163 14896210 255
153 157 14896248 255
