37
132 88 14925758 255
126 88 14925788 255
124 88 14925798 255
119 89 14925820 255
113 92 14925830 255
100 97 14925852 255
86 102 14925870 255
79 106 14925884 255
71 115 14925906 255
73 120 14925918 255
79 127 14925938 255
86 130 14925950 255
113 144 14925972 255
143 161 14925994 255
151 164 14926004 255
168 180 14926026 255
172 186 14926036 255
173 192 14926058 255
169 195 14926070 255
164 200 14926080 255
157 206 14926086 255
135 213 14926112 255
129 213 14926124 255
110 209 14926144 255
104 206 14926156 255
100 204 14926166 255
97 201 14926178 255
93 189 14926194 255
95 183 14926210 255
109 160 14926232 255
116 144 14926254 255
118 140 14926264 255
129 119 14926286 255
135 111 14926304 255
137 106 14926318 255
138 100 14926330 255
139 90 14926374 255
