37
80 79 119510200 255
83 76 119510224 255
84 73 119510232 255
91 69 119510256 255
97 68 119510256 255
112 66 119510288 255
122 66 119510296 255
130 69 119510304 255
146 77 119510320 255
166 88 119510336 255
169 90 119510352 255
168 97 119510368 255
164 101 119510384 255
159 104 119510392 255
153 108 119510408 255
135 115 119510424 255
129 117 119510440 255
125 119 119510448 255
121 120 119510456 255
118 122 119510480 255
117 122 119510488 255
118 123 119510512 255
124 124 119510528 255
136 131 119510544 255
153 143 119510568 255
167 165 119510584 255
161 174 119510600 255
158 178 119510608 255
151 185 119510632 255
134 193 119510656 255
124 196 119510664 255
103 203 119510688 255
96 205 119510696 255
85 206 119510720 255
75 205 119510744 255
72 204 119510752 255
73 199 119510792 255
