33
62 75 119079968 255
59 71 119080000 255
62 70 119080008 255
72 67 119080032 255
77 66 119080032 255
94 64 119080064 255
101 64 119080072 255
111 63 119080080 255
120 63 119080096 255
133 64 119080112 255
137 65 119080128 255
142 71 119080144 255
140 76 119080160 255
130 83 119080176 255
110 90 119080200 255
103 94 119080216 255
93 101 119080232 255
89 106 119080256 255
88 109 119080264 255
93 113 119080288 255
99 115 119080304 255
108 119 119080320 255
111 120 119080336 255
116 125 119080352 255
119 137 119080376 255
119 141 119080384 255
118 148 119080408 255
115 152 119080416 255
102 164 119080440 255
90 174 119080464 255
84 176 119080472 255
73 179 119080496 255
69 180 119080528 255
