30
56 88 119078384 255
57 83 119078448 255
63 80 119078448 255
74 73 119078480 255
84 70 119078488 255
99 67 119078512 255
116 65 119078528 255
124 65 119078544 255
135 65 119078560 255
139 66 119078576 255
144 74 119078592 255
145 82 119078616 255
140 85 119078632 255
129 98 119078648 255
99 119 119078672 255
90 136 119078680 255
77 147 119078704 255
69 152 119078720 255
60 171 119078736 255
59 175 119078752 255
57 183 119078768 255
58 196 119078792 255
65 201 119078800 255
77 208 119078824 255
89 210 119078832 255
106 210 119078856 255
122 206 119078864 255
132 201 119078880 255
140 196 119078888 255
148 193 119078920 255
