24
76 186 119076928 255
82 182 119076976 255
83 176 119076992 255
86 171 119077000 255
103 148 119077024 255
109 137 119077032 255
114 121 119077048 255
116 108 119077056 255
118 98 119077080 255
118 92 119077088 255
118 81 119077112 255
118 78 119077120 255
118 77 119077136 255
118 78 119077144 255
118 84 119077168 255
118 87 119077176 255
117 103 119077192 255
116 121 119077208 255
115 145 119077232 255
115 161 119077240 255
115 175 119077264 255
115 180 119077272 255
115 193 119077296 255
115 198 119077328 255
