50
319 142 46208096 255
307 139 46208124 255
292 139 46208140 255
272 139 46208160 255
251 142 46208176 255
235 145 46208192 255
221 147 46208208 255
208 148 46208224 255
199 151 46208240 255
194 155 46208256 255
191 160 46208272 255
191 164 46208288 255
191 169 46208304 255
191 176 46208320 255
191 186 46208336 255
191 200 46208356 255
191 215 46208372 255
191 227 46208388 255
191 244 46208404 255
191 255 46208420 255
191 261 46208436 255
191 267 46208452 255
191 271 46208472 255
191 275 46208488 255
195 277 46208500 255
197 274 46208536 255
202 270 46208552 255
212 265 46208568 255
223 258 46208584 255
232 255 46208600 255
244 256 46208616 255
269 262 46208632 255
290 269 46208648 255
315 282 46208668 255
332 296 46208684 255
343 313 46208700 255
347 326 46208716 255
348 339 46208732 255
344 355 46208748 255
335 374 46208764 255
309 397 46208784 255
286 417 46208800 255
253 425 46208816 255
213 429 46208832 255
176 429 46208848 255
148 419 46208864 255
135 413 46208880 255
129 407 46208896 255
128 400 46208912 255
132 395 46208952 255
