48
140 151 46386096 255
140 145 46386136 255
140 144 46386152 255
142 142 46386172 255
147 141 46386188 255
157 136 46386204 255
171 131 46386220 255
183 128 46386236 255
207 127 46386252 255
226 130 46386268 255
246 139 46386288 255
270 154 46386304 255
284 166 46386320 255
297 182 46386336 255
306 200 46386352 255
305 209 46386368 255
298 222 46386384 255
289 238 46386400 255
269 252 46386416 255
252 264 46386432 255
239 268 46386448 255
219 273 46386468 255
207 277 46386484 255
201 280 46386500 255
198 282 46386516 255
198 285 46386532 255
203 288 46386548 255
212 290 46386564 255
225 292 46386580 255
248 298 46386600 255
273 309 46386616 255
283 315 46386632 255
293 322 46386648 255
306 335 46386664 255
313 354 46386680 255
315 368 46386696 255
312 393 46386712 255
304 412 46386728 255
297 423 46386744 255
280 438 46386760 255
256 452 46386780 255
223 462 46386796 255
192 469 46386812 255
164 471 46386828 255
150 470 46386844 255
138 468 46386860 255
131 464 46386876 255
126 461 46386912 255
