36
170 288 46408164 255
164 276 46408196 255
161 272 46408212 255
150 245 46408228 255
147 229 46408244 255
151 209 46408260 255
156 195 46408280 255
164 185 46408296 255
177 176 46408312 255
186 171 46408328 255
201 170 46408344 255
219 173 46408360 255
237 179 46408376 255
261 194 46408392 255
280 210 46408408 255
294 233 46408424 255
311 263 46408440 255
326 297 46408456 255
331 317 46408476 255
332 345 46408492 255
326 368 46408508 255
314 390 46408524 255
301 408 46408540 255
290 422 46408556 255
263 432 46408572 255
233 436 46408592 255
196 433 46408608 255
155 412 46408624 255
128 377 46408640 255
108 339 46408656 255
103 305 46408672 255
106 284 46408688 255
119 254 46408704 255
130 241 46408720 255
139 231 46408736 255
158 224 46408772 255
