41
141 134 46413416 255
144 128 46413452 255
151 126 46413468 255
163 122 46413488 255
177 118 46413504 255
197 114 46413520 255
220 112 46413536 255
240 112 46413552 255
267 118 46413568 255
284 128 46413584 255
294 139 46413600 255
301 159 46413616 255
301 176 46413632 255
295 194 46413648 255
286 209 46413664 255
262 220 46413684 255
240 228 46413700 255
220 235 46413716 255
208 240 46413732 255
201 244 46413748 255
199 247 46413764 255
203 250 46413780 255
210 253 46413800 255
222 257 46413816 255
236 261 46413832 255
259 269 46413848 255
276 278 46413864 255
294 294 46413880 255
311 314 46413896 255
318 333 46413912 255
323 354 46413928 255
318 373 46413944 255
304 395 46413960 255
292 412 46413980 255
273 424 46413996 255
246 433 46414012 255
216 439 46414028 255
190 441 46414044 255
167 440 46414060 255
148 435 46414076 255
140 432 46414108 255
