51
238 139 46206056 255
233 151 46206104 255
223 166 46206120 255
204 192 46206136 255
196 208 46206152 255
189 224 46206168 255
180 244 46206184 255
168 261 46206204 255
160 274 46206220 255
156 288 46206236 255
154 294 46206252 255
154 299 46206268 255
160 306 46206284 255
169 312 46206300 255
177 315 46206320 255
191 313 46206336 255
211 308 46206352 255
232 304 46206368 255
258 301 46206384 255
281 299 46206400 255
302 295 46206416 255
320 292 46206432 255
331 288 46206448 255
337 282 46206464 255
339 276 46206480 255
340 266 46206496 255
336 255 46206516 255
326 236 46206532 255
314 213 46206548 255
301 190 46206564 255
296 173 46206580 255
294 162 46206596 255
293 156 46206612 255
293 154 46206628 255
296 158 46206648 255
298 164 46206664 255
300 173 46206680 255
301 187 46206696 255
298 212 46206712 255
298 248 46206728 255
297 285 46206744 255
299 321 46206760 255
304 357 46206776 255
307 399 46206792 255
310 432 46206808 255
311 455 46206828 255
311 471 46206844 255
311 482 46206860 255
311 487 46206876 255
310 488 46206892 255
307 488 46206928 255
