36
294 120 46418592 255
268 124 46418644 255
243 137 46418660 255
215 158 46418676 255
197 171 46418696 255
182 187 46418712 255
165 208 46418728 255
149 238 46418744 255
139 267 46418760 255
131 298 46418776 255
127 326 46418792 255
126 355 46418808 255
131 382 46418824 255
135 404 46418840 255
147 422 46418856 255
170 439 46418872 255
190 450 46418892 255
217 455 46418908 255
240 454 46418924 255
263 444 46418940 255
278 434 46418956 255
287 413 46418972 255
289 396 46418988 255
287 374 46419008 255
268 343 46419024 255
247 325 46419040 255
213 302 46419056 255
190 293 46419072 255
168 290 46419088 255
150 296 46419104 255
135 307 46419120 255
126 317 46419136 255
122 324 46419152 255
121 331 46419168 255
125 339 46419188 255
125 341 46419212 255
