25
268 199 1833503 255
268 192 1833537 255
259 182 1833553 255
249 177 1833570 255
229 174 1833586 255
211 174 1833602 255
199 177 1833619 255
190 187 1833635 255
184 205 1833652 255
184 217 1833668 255
193 229 1833685 255
208 237 1833701 255
224 232 1833718 255
233 227 1833734 255
253 211 1833750 255
260 205 1833767 255
265 201 1833783 255
268 198 1833800 255
274 200 1833816 255
280 209 1833833 255
287 232 1833849 255
288 262 1833865 255
288 298 1833882 255
287 329 1833898 255
284 358 1833952 255
