26
260 246 1808973 255
253 237 1808995 255
247 232 1809012 255
220 224 1809028 255
199 221 1809045 255
184 221 1809061 255
159 223 1809078 255
146 231 1809094 255
138 250 1809110 255
138 266 1809127 255
157 291 1809143 255
172 294 1809160 255
208 295 1809176 255
237 284 1809193 255
265 274 1809209 255
275 265 1809225 255
280 257 1809241 255
279 251 1809258 255
279 250 1809272 255
276 253 1809291 255
276 267 1809308 255
274 299 1809324 255
271 335 1809340 255
266 376 1809357 255
266 413 1809373 255
266 424 1809401 255
