32
78 86 8678420 255
81 72 8678436 255
83 64 8678448 255
85 60 8678460 255
104 54 8678488 255
112 53 8678498 255
119 53 8678510 255
125 53 8678512 255
135 55 8678524 255
141 60 8678538 255
144 76 8678562 255
138 82 8678576 255
130 91 8678588 255
116 107 8678614 255
111 111 8678628 255
109 115 8678650 255
109 115 8678652 255
112 117 8678666 255
117 119 8678678 255
134 125 8678702 255
153 136 8678716 255
164 143 8678730 255
174 158 8678754 255
176 163 8678754 255
178 171 8678768 255
177 177 8678780 255
163 186 8678806 255
143 194 8678820 255
129 199 8678832 255
107 202 8678858 255
93 201 8678870 255
89 199 8678908 255
