38
55 92 9074778 255
55 88 9074794 255
55 86 9074806 255
57 84 9074826 255
68 80 9074840 255
92 73 9074864 255
104 75 9074876 255
113 78 9074888 255
136 83 9074914 255
142 86 9074928 255
145 101 9074952 255
138 113 9074968 255
128 128 9074980 255
107 142 9075002 255
101 150 9075004 255
85 163 9075016 255
72 171 9075030 255
58 182 9075054 255
55 189 9075068 255
54 197 9075080 255
61 205 9075106 255
67 207 9075108 255
77 210 9075120 255
93 211 9075132 255
113 211 9075158 255
121 211 9075158 255
133 206 9075172 255
140 197 9075184 255
146 186 9075208 255
143 173 9075224 255
133 163 9075236 255
109 138 9075260 255
97 128 9075272 255
79 120 9075288 255
60 99 9075312 255
54 94 9075324 255
51 91 9075336 255
51 88 9075386 255
