28
53 85 8684138 255
54 81 8684172 255
55 80 8684174 255
57 77 8684180 255
77 70 8684206 255
89 71 8684218 255
101 75 8684230 255
110 80 8684244 255
123 83 8684258 255
133 89 8684270 255
140 100 8684282 255
144 108 8684294 255
146 120 8684306 255
147 134 8684322 255
145 159 8684344 255
138 179 8684358 255
131 194 8684370 255
123 216 8684398 255
122 228 8684410 255
120 235 8684422 255
119 239 8684466 255
106 167 8684596 255
111 164 8684614 255
122 162 8684628 255
134 161 8684640 255
162 160 8684666 255
173 159 8684666 255
183 159 8684704 255
