45
164 81 8655836 255
169 78 8655864 255
168 71 8655876 255
163 67 8655892 255
156 62 8655916 255
145 59 8655928 255
133 57 8655942 255
107 58 8655968 255
97 60 8655980 255
89 68 8655992 255
70 80 8656020 255
65 84 8656032 255
62 93 8656044 255
61 110 8656070 255
64 114 8656084 255
69 119 8656096 255
71 121 8656108 255
74 125 8656108 255
77 130 8656120 255
79 136 8656132 255
81 138 8656148 255
84 134 8656172 255
86 131 8656184 255
88 128 8656196 255
102 123 8656224 255
109 122 8656236 255
122 123 8656260 255
127 123 8656260 255
137 128 8656276 255
145 135 8656288 255
159 144 8656312 255
168 154 8656324 255
171 165 8656340 255
173 172 8656352 255
166 188 8656376 255
159 198 8656388 255
149 205 8656404 255
137 211 8656416 255
109 217 8656440 255
98 217 8656452 255
85 216 8656468 255
67 213 8656492 255
62 212 8656504 255
59 211 8656516 255
59 205 8656574 255
