33
57 113 9064536 255
64 102 9064546 255
73 96 9064560 255
93 89 9064586 255
104 88 9064598 255
126 87 9064622 255
136 88 9064638 255
142 90 9064650 255
149 106 9064674 255
150 111 9064686 255
150 115 9064702 255
138 136 9064726 255
129 143 9064738 255
116 157 9064750 255
91 175 9064778 255
77 187 9064790 255
64 201 9064814 255
58 208 9064830 255
56 211 9064840 255
55 214 9064864 255
56 215 9064866 255
59 216 9064878 255
70 217 9064892 255
83 216 9064916 255
90 216 9064918 255
102 216 9064930 255
110 215 9064942 255
132 214 9064970 255
139 214 9064980 255
143 214 9064992 255
145 213 9065006 255
147 213 9065020 255
148 213 9065056 255
