40
117 53 8654138 255
116 57 8654192 255
109 71 8654206 255
101 78 8654218 255
94 89 8654230 255
89 101 8654246 255
82 110 8654258 255
72 123 8654270 255
62 141 8654294 255
60 148 8654308 255
60 158 8654320 255
73 174 8654346 255
79 178 8654358 255
89 180 8654372 255
112 184 8654398 255
127 185 8654410 255
137 184 8654422 255
151 182 8654450 255
160 180 8654460 255
165 171 8654474 255
166 162 8654486 255
162 156 8654500 255
159 150 8654514 255
157 143 8654526 255
153 131 8654550 255
152 129 8654564 255
151 130 8654578 255
151 138 8654602 255
152 143 8654614 255
152 153 8654628 255
153 164 8654642 255
154 174 8654652 255
155 198 8654678 255
156 210 8654692 255
156 224 8654704 255
157 234 8654716 255
159 247 8654742 255
160 254 8654756 255
161 260 8654768 255
162 264 8654806 255
