44
180 84 8662494 255
180 76 8662510 255
180 73 8662518 255
176 62 8662542 255
170 57 8662556 255
152 52 8662580 255
138 50 8662594 255
125 49 8662606 255
97 53 8662632 255
85 56 8662644 255
74 65 8662658 255
62 83 8662684 255
61 95 8662696 255
62 105 8662708 255
76 122 8662736 255
84 131 8662748 255
95 137 8662760 255
117 140 8662786 255
129 136 8662800 255
139 130 8662812 255
146 124 8662824 255
154 119 8662836 255
161 107 8662850 255
169 91 8662874 255
169 85 8662888 255
168 79 8662900 255
164 75 8662926 255
162 77 8662940 255
159 80 8662950 255
159 82 8662962 255
156 95 8662978 255
155 105 8662990 255
154 117 8663004 255
154 143 8663028 255
154 159 8663042 255
154 172 8663054 255
154 186 8663066 255
153 197 8663080 255
153 206 8663092 255
153 215 8663106 255
153 230 8663132 255
153 234 8663144 255
153 237 8663156 255
153 238 8663200 255
