37
79 108 193898800 255
74 105 193898848 255
72 106 193898848 255
71 109 193898880 255
74 112 193898880 255
84 119 193898896 255
92 121 193898912 255
102 123 193898928 255
113 123 193898944 255
138 115 193898960 255
158 100 193898976 255
166 81 193898992 255
158 64 193899008 255
149 56 193899024 255
133 49 193899040 255
125 49 193899056 255
103 55 193899072 255
81 70 193899104 255
71 85 193899120 255
71 90 193899136 255
73 96 193899152 255
86 106 193899168 255
105 113 193899184 255
112 113 193899200 255
126 109 193899216 255
132 106 193899232 255
140 98 193899248 255
146 91 193899280 255
148 90 193899280 255
150 91 193899312 255
151 95 193899312 255
151 102 193899328 255
151 113 193899328 255
149 179 193899360 255
148 202 193899376 255
145 230 193899392 255
145 241 193899424 255
