32
95 170 126261176 255
92 167 126261200 255
91 165 126261216 255
92 162 126261240 255
95 160 126261248 255
104 152 126261264 255
107 145 126261280 255
109 140 126261288 255
112 133 126261304 255
117 110 126261320 255
118 104 126261336 255
119 97 126261360 255
120 93 126261376 255
120 91 126261392 255
121 90 126261408 255
121 90 126261424 255
122 92 126261440 255
123 101 126261464 255
124 113 126261480 255
125 123 126261496 255
125 133 126261504 255
126 147 126261520 255
127 166 126261528 255
132 187 126261552 255
134 198 126261560 255
137 208 126261584 255
138 212 126261592 255
140 224 126261616 255
142 230 126261640 255
143 232 126261648 255
143 230 126261672 255
143 227 126261704 255
