31
102 138 126762576 255
102 135 126762592 255
101 133 126762600 255
97 130 126762624 255
94 127 126762640 255
95 122 126762664 255
99 116 126762672 255
103 111 126762688 255
110 103 126762712 255
118 98 126762728 255
125 97 126762744 255
134 99 126762760 255
138 105 126762768 255
131 130 126762792 255
119 172 126762816 255
117 179 126762832 255
103 189 126762848 255
96 199 126762864 255
91 206 126762880 255
88 209 126762904 255
87 210 126762912 255
86 211 126762936 255
86 211 126762944 255
95 208 126762968 255
107 209 126762984 255
116 210 126763000 255
131 212 126763024 255
136 213 126763032 255
150 214 126763056 255
162 214 126763080 255
170 208 126763120 255
