46
161 104 126774472 255
158 101 126774480 255
157 99 126774496 255
154 95 126774520 255
153 93 126774528 255
150 84 126774552 255
149 80 126774560 255
139 74 126774584 255
134 72 126774592 255
125 74 126774616 255
112 82 126774640 255
106 86 126774648 255
93 110 126774672 255
91 114 126774680 255
90 118 126774696 255
90 123 126774704 255
96 134 126774728 255
100 138 126774736 255
108 142 126774760 255
111 141 126774768 255
114 138 126774784 255
119 135 126774792 255
129 129 126774808 255
134 123 126774824 255
140 109 126774848 255
142 105 126774856 255
143 102 126774864 255
144 99 126774880 255
145 95 126774896 255
146 93 126774920 255
146 93 126774928 255
147 93 126774944 255
147 94 126774952 255
148 98 126774960 255
149 115 126774984 255
149 125 126775000 255
149 173 126775016 255
149 190 126775024 255
147 208 126775048 255
134 219 126775072 255
129 223 126775088 255
119 226 126775104 255
112 226 126775120 255
106 225 126775128 255
102 224 126775136 255
96 222 126775184 255
