26
100 180 126761048 255
103 174 126761096 255
106 170 126761104 255
111 161 126761128 255
113 153 126761136 255
118 138 126761160 255
130 111 126761184 255
135 105 126761192 255
139 100 126761216 255
140 98 126761224 255
142 96 126761248 255
143 96 126761256 255
144 99 126761272 255
144 104 126761280 255
145 118 126761296 255
145 128 126761312 255
145 177 126761336 255
145 200 126761344 255
145 206 126761352 255
145 211 126761368 255
145 220 126761392 255
145 230 126761408 255
146 233 126761424 255
146 236 126761432 255
146 238 126761440 255
146 239 126761472 255
