33
92 119 126264928 255
88 113 126265000 255
88 109 126265016 255
92 102 126265040 255
98 100 126265048 255
107 92 126265072 255
111 89 126265072 255
123 84 126265104 255
134 87 126265120 255
137 89 126265136 255
142 98 126265152 255
142 104 126265168 255
138 114 126265184 255
129 126 126265208 255
125 133 126265216 255
120 140 126265240 255
118 142 126265248 255
115 146 126265272 255
115 145 126265288 255
116 145 126265304 255
124 146 126265328 255
131 148 126265336 255
142 153 126265360 255
153 167 126265384 255
154 176 126265400 255
154 179 126265416 255
152 182 126265424 255
143 189 126265448 255
131 197 126265472 255
119 199 126265480 255
105 197 126265504 255
101 196 126265504 255
98 193 126265544 255
