28
154 94 126769704 255
148 91 126769768 255
145 91 126769776 255
134 93 126769800 255
130 97 126769808 255
124 110 126769832 255
109 143 126769848 255
103 171 126769864 255
104 180 126769888 255
107 187 126769896 255
112 199 126769920 255
114 203 126769928 255
117 205 126769944 255
130 206 126769960 255
135 201 126769976 255
139 197 126769984 255
145 180 126770008 255
147 170 126770016 255
148 166 126770032 255
148 162 126770040 255
143 157 126770064 255
137 156 126770064 255
128 160 126770096 255
124 167 126770104 255
121 173 126770112 255
118 190 126770128 255
117 208 126770144 255
118 212 126770184 255
