47
85 90 17286088 255
85 85 17286116 255
85 83 17286126 255
86 80 17286148 255
86 78 17286154 255
94 75 17286180 255
99 74 17286192 255
104 73 17286202 255
108 72 17286212 255
118 72 17286236 255
124 72 17286244 255
135 73 17286264 255
139 75 17286278 255
142 79 17286288 255
145 84 17286300 255
149 94 17286320 255
149 100 17286332 255
149 115 17286354 255
144 125 17286372 255
137 130 17286386 255
127 142 17286408 255
124 147 17286420 255
119 153 17286440 255
118 155 17286452 255
117 154 17286462 255
117 154 17286472 255
117 153 17286496 255
117 154 17286506 255
118 156 17286528 255
122 157 17286538 255
133 160 17286560 255
141 163 17286582 255
144 164 17286588 255
148 173 17286614 255
149 178 17286624 255
150 186 17286648 255
150 196 17286668 255
149 203 17286680 255
134 217 17286696 255
119 230 17286712 255
94 246 17286732 255
86 242 17286756 255
80 239 17286766 255
70 234 17286788 255
65 220 17286804 255
69 210 17286820 255
76 185 17286854 255
