37
153 90 17294528 255
152 86 17294548 255
151 83 17294560 255
150 79 17294582 255
149 77 17294592 255
140 73 17294614 255
130 72 17294632 255
126 72 17294648 255
114 73 17294668 255
108 75 17294680 255
99 86 17294700 255
98 90 17294712 255
99 96 17294724 255
105 108 17294732 255
111 120 17294740 255
115 126 17294756 255
125 135 17294766 255
141 156 17294788 255
143 160 17294800 255
144 164 17294808 255
145 171 17294820 255
145 181 17294842 255
140 185 17294848 255
130 191 17294874 255
126 193 17294884 255
119 194 17294896 255
112 194 17294908 255
102 189 17294928 255
100 183 17294940 255
109 161 17294956 255
114 147 17294972 255
129 123 17294984 255
140 112 17294994 255
148 99 17295016 255
152 91 17295026 255
163 81 17295048 255
166 76 17295092 255
