46
113 78 17251808 255
109 85 17251856 255
105 90 17251868 255
97 100 17251890 255
94 108 17251896 255
76 131 17251924 255
65 149 17251932 255
61 155 17251944 255
60 157 17251956 255
59 161 17251976 255
59 162 17251988 255
67 164 17252004 255
72 164 17252020 255
76 164 17252032 255
84 164 17252042 255
98 163 17252064 255
104 162 17252074 255
112 155 17252096 255
124 148 17252112 255
129 145 17252128 255
137 139 17252150 255
140 135 17252160 255
143 124 17252184 255
144 121 17252194 255
145 117 17252204 255
146 113 17252222 255
147 112 17252236 255
147 112 17252248 255
147 113 17252268 255
147 117 17252280 255
147 121 17252292 255
146 125 17252302 255
141 136 17252324 255
137 144 17252330 255
125 171 17252356 255
122 181 17252368 255
119 196 17252388 255
118 206 17252400 255
116 217 17252420 255
113 225 17252438 255
111 230 17252454 255
109 235 17252464 255
107 240 17252486 255
106 242 17252496 255
108 241 17252520 255
109 238 17252564 255
