34
121 85 17441594 255
120 81 17441624 255
119 80 17441632 255
118 78 17441656 255
117 77 17441666 255
109 77 17441688 255
104 77 17441694 255
96 80 17441720 255
90 89 17441742 255
89 93 17441752 255
88 105 17441774 255
89 113 17441784 255
104 132 17441802 255
111 147 17441818 255
114 155 17441828 255
116 159 17441840 255
117 168 17441860 255
117 174 17441872 255
116 184 17441892 255
107 190 17441912 255
102 192 17441926 255
94 193 17441948 255
90 193 17441960 255
86 183 17441980 255
85 177 17441992 255
85 168 17442002 255
86 157 17442012 255
91 142 17442020 255
112 111 17442034 255
114 107 17442044 255
118 96 17442068 255
120 90 17442078 255
129 78 17442100 255
133 67 17442136 255
