26
88 83 17414866 255
93 80 17414904 255
99 81 17414916 255
108 87 17414938 255
125 93 17414956 255
133 95 17414970 255
152 98 17414992 255
158 99 17415004 255
166 102 17415024 255
168 104 17415036 255
161 117 17415056 255
151 144 17415080 255
138 158 17415088 255
124 181 17415112 255
120 189 17415122 255
116 206 17415144 255
115 212 17415154 255
114 215 17415164 255
113 218 17415172 255
113 220 17415210 255
117 161 17415286 255
125 161 17415348 255
132 159 17415360 255
154 152 17415382 255
183 144 17415388 255
214 137 17415426 255
