29
89 96 17440360 255
89 91 17440388 255
95 90 17440398 255
106 90 17440420 255
117 92 17440430 255
137 96 17440448 255
150 99 17440464 255
158 100 17440474 255
164 102 17440484 255
171 105 17440506 255
173 112 17440516 255
167 126 17440540 255
150 161 17440556 255
124 191 17440572 255
118 207 17440592 255
108 217 17440604 255
95 235 17440624 255
93 243 17440636 255
92 247 17440648 255
91 252 17440664 255
92 254 17440680 255
94 256 17440712 255
111 202 17440790 255
117 198 17440842 255
124 198 17440852 255
143 197 17440876 255
165 196 17440892 255
177 194 17440908 255
191 188 17440940 255
