25
79 192 17407724 255
81 188 17407762 255
82 183 17407772 255
85 175 17407796 255
101 155 17407812 255
116 125 17407828 255
128 113 17407838 255
135 108 17407848 255
139 105 17407860 255
143 95 17407880 255
144 92 17407892 255
145 92 17407914 255
146 94 17407920 255
146 96 17407936 255
146 98 17407946 255
139 111 17407968 255
133 121 17407980 255
121 157 17408000 255
120 170 17408012 255
119 186 17408028 255
119 190 17408044 255
119 196 17408056 255
119 202 17408066 255
120 211 17408088 255
121 213 17408120 255
