32
85 78 9045278 255
92 76 9045338 255
96 76 9045340 255
104 75 9045352 255
112 75 9045364 255
130 75 9045388 255
137 75 9045402 255
142 75 9045414 255
144 74 9045452 255
96 91 9045512 255
93 95 9045532 255
90 100 9045544 255
88 103 9045556 255
86 115 9045584 255
85 122 9045596 255
85 127 9045608 255
86 134 9045634 255
89 136 9045646 255
97 138 9045660 255
111 149 9045684 255
117 155 9045696 255
123 162 9045710 255
128 168 9045722 255
131 177 9045736 255
132 184 9045748 255
125 195 9045774 255
120 200 9045786 255
114 203 9045798 255
96 205 9045824 255
89 203 9045838 255
80 200 9045850 255
71 191 9045900 255
