33
148 73 9051412 255
137 69 9051428 255
128 65 9051440 255
118 66 9051452 255
94 69 9051480 255
80 72 9051492 255
64 83 9051516 255
60 91 9051530 255
59 96 9051544 255
64 99 9051556 255
73 101 9051568 255
83 101 9051580 255
98 99 9051594 255
117 90 9051618 255
124 88 9051620 255
134 84 9051632 255
141 81 9051644 255
149 80 9051672 255
150 82 9051682 255
150 88 9051696 255
150 95 9051708 255
148 104 9051722 255
144 116 9051734 255
134 138 9051758 255
130 148 9051760 255
125 160 9051770 255
122 176 9051786 255
118 192 9051810 255
117 199 9051822 255
117 203 9051834 255
118 201 9051862 255
119 198 9051874 255
120 196 9051898 255
