30
69 98 8653098 255
74 103 8653134 255
79 109 8653146 255
88 119 8653160 255
113 151 8653186 255
120 160 8653198 255
126 169 8653210 255
134 189 8653238 255
132 197 8653248 255
128 206 8653262 255
124 213 8653274 255
119 216 8653288 255
113 216 8653300 255
103 206 8653324 255
101 200 8653336 255
103 188 8653352 255
112 167 8653376 255
121 150 8653388 255
131 140 8653400 255
145 117 8653428 255
148 111 8653440 255
150 102 8653464 255
149 96 8653478 255
142 88 8653504 255
134 86 8653516 255
126 86 8653528 255
105 89 8653554 255
97 90 8653568 255
85 90 8653592 255
82 89 8653624 255
