44
293 188 44982228 255
293 179 44982252 255
290 173 44982268 255
284 167 44982284 255
269 163 44982300 255
253 161 44982316 255
237 158 44982332 255
219 157 44982352 255
202 160 44982368 255
187 164 44982384 255
168 172 44982400 255
156 183 44982416 255
147 199 44982432 255
145 213 44982448 255
151 224 44982464 255
161 237 44982480 255
175 245 44982496 255
187 247 44982512 255
208 247 44982528 255
226 242 44982548 255
241 233 44982564 255
263 223 44982580 255
278 213 44982596 255
285 201 44982612 255
288 188 44982628 255
289 180 44982644 255
289 175 44982664 255
289 172 44982680 255
289 171 44982696 255
289 173 44982712 255
289 184 44982728 255
289 200 44982744 255
289 216 44982760 255
289 242 44982776 255
289 263 44982792 255
284 283 44982808 255
277 303 44982824 255
267 320 44982844 255
251 333 44982860 255
237 344 44982876 255
214 350 44982892 255
198 353 44982908 255
173 351 44982924 255
162 349 44982952 255
