50
345 170 44980072 255
337 160 44980116 255
329 156 44980132 255
313 157 44980148 255
293 160 44980164 255
263 165 44980180 255
248 171 44980196 255
228 183 44980216 255
212 194 44980232 255
197 212 44980248 255
191 226 44980264 255
188 247 44980280 255
188 260 44980296 255
193 275 44980312 255
206 291 44980328 255
228 311 44980344 255
240 321 44980360 255
268 336 44980376 255
284 353 44980396 255
293 369 44980412 255
297 388 44980428 255
294 408 44980444 255
287 418 44980460 255
263 428 44980476 255
248 433 44980492 255
224 435 44980512 255
207 435 44980528 255
196 428 44980544 255
188 416 44980560 255
185 393 44980576 255
185 378 44980592 255
192 352 44980608 255
205 337 44980624 255
228 317 44980640 255
247 296 44980656 255
273 278 44980672 255
292 252 44980688 255
310 233 44980708 255
327 220 44980724 255
338 202 44980740 255
345 187 44980756 255
348 178 44980772 255
351 171 44980788 255
351 165 44980804 255
351 156 44980824 255
346 150 44980840 255
339 146 44980856 255
312 147 44980872 255
290 156 44980888 255
275 162 44980916 255
