26
150 329 45200852 255
164 313 45200920 255
184 289 45200936 255
208 261 45200952 255
231 233 45200968 255
251 204 45200984 255
275 174 45201000 255
286 154 45201016 255
291 139 45201032 255
293 131 45201048 255
294 128 45201064 255
296 128 45201084 255
296 130 45201100 255
297 148 45201116 255
295 171 45201132 255
292 208 45201148 255
289 237 45201164 255
287 264 45201180 255
285 296 45201200 255
284 321 45201216 255
284 343 45201232 255
284 363 45201248 255
284 381 45201264 255
284 400 45201280 255
284 413 45201296 255
284 422 45201332 255
