40
124 80 124497944 255
120 85 124497976 255
119 88 124497992 255
117 92 124498008 255
108 105 124498024 255
102 114 124498040 255
94 131 124498048 255
89 141 124498056 255
83 150 124498080 255
80 154 124498088 255
79 162 124498112 255
79 165 124498128 255
80 168 124498136 255
81 169 124498144 255
85 173 124498168 255
92 174 124498176 255
103 175 124498192 255
110 174 124498208 255
119 171 124498224 255
126 168 124498232 255
136 163 124498256 255
140 160 124498264 255
144 153 124498288 255
146 143 124498304 255
147 138 124498320 255
148 132 124498336 255
148 130 124498352 255
148 128 124498368 255
148 128 124498384 255
148 129 124498392 255
148 138 124498408 255
148 143 124498424 255
148 151 124498440 255
149 167 124498456 255
149 177 124498472 255
150 189 124498480 255
151 199 124498496 255
153 208 124498512 255
154 214 124498520 255
155 223 124498560 255
