36
54 74 123823120 255
54 71 123823152 255
54 71 123823160 255
55 69 123823184 255
59 68 123823192 255
70 66 123823208 255
77 65 123823224 255
85 64 123823240 255
93 63 123823248 255
104 62 123823272 255
109 62 123823280 255
117 62 123823304 255
124 63 123823320 255
125 67 123823336 255
124 78 123823360 255
123 87 123823368 255
119 111 123823392 255
117 137 123823400 255
116 147 123823408 255
114 172 123823424 255
114 178 123823440 255
114 190 123823456 255
114 202 123823472 255
114 206 123823488 255
115 209 123823496 255
115 212 123823528 255
72 147 123823664 255
78 146 123823712 255
81 146 123823728 255
94 146 123823744 255
101 145 123823752 255
121 143 123823776 255
129 141 123823792 255
136 139 123823800 255
146 138 123823808 255
154 135 123823848 255
