29
95 104 124496568 255
98 99 124496600 255
105 97 124496616 255
109 97 124496632 255
111 96 124496640 255
116 96 124496664 255
119 97 124496672 255
121 98 124496688 255
123 101 124496696 255
123 109 124496720 255
122 113 124496720 255
118 120 124496752 255
114 125 124496760 255
106 134 124496784 255
102 141 124496800 255
104 144 124496816 255
109 150 124496832 255
112 155 124496848 255
126 170 124496864 255
137 180 124496888 255
139 185 124496904 255
143 197 124496920 255
142 205 124496944 255
137 208 124496952 255
127 212 124496976 255
118 213 124496984 255
103 215 124497008 255
94 214 124497024 255
79 210 124497064 255
