29
92 146 124452976 255
91 141 124453024 255
95 138 124453040 255
104 132 124453056 255
107 130 124453072 255
115 127 124453088 255
122 126 124453104 255
127 125 124453112 255
131 125 124453120 255
135 127 124453144 255
134 130 124453152 255
128 140 124453176 255
122 153 124453192 255
117 164 124453208 255
106 177 124453232 255
103 179 124453240 255
100 183 124453264 255
102 185 124453272 255
104 186 124453288 255
107 187 124453296 255
111 190 124453320 255
113 191 124453328 255
119 194 124453352 255
125 194 124453360 255
134 195 124453384 255
138 195 124453392 255
143 194 124453408 255
144 193 124453424 255
148 191 124453472 255
