24
91 139 124451568 255
89 135 124451616 255
89 133 124451632 255
89 132 124451640 255
99 126 124451664 255
103 120 124451672 255
107 114 124451680 255
109 109 124451696 255
113 101 124451712 255
114 99 124451720 255
116 95 124451744 255
117 95 124451760 255
117 94 124451768 255
117 95 124451776 255
118 103 124451800 255
118 109 124451816 255
119 128 124451832 255
120 153 124451848 255
120 169 124451856 255
121 176 124451864 255
121 192 124451888 255
122 197 124451896 255
123 205 124451920 255
124 208 124451952 255
