44
60 81 124460920 255
70 84 124460992 255
74 84 124461000 255
88 82 124461024 255
95 82 124461032 255
108 81 124461056 255
116 81 124461064 255
123 81 124461080 255
129 81 124461088 255
137 82 124461112 255
140 83 124461120 255
143 84 124461168 255
77 73 124461256 255
80 77 124461304 255
80 80 124461312 255
81 85 124461336 255
82 88 124461352 255
82 92 124461368 255
82 94 124461384 255
83 97 124461392 255
83 98 124461400 255
83 101 124461424 255
84 102 124461440 255
85 102 124461456 255
85 101 124461472 255
87 101 124461480 255
89 100 124461488 255
99 99 124461512 255
103 98 124461520 255
110 100 124461544 255
114 103 124461552 255
122 111 124461576 255
130 117 124461600 255
133 121 124461608 255
136 132 124461632 255
134 138 124461640 255
132 142 124461648 255
129 146 124461656 255
123 152 124461680 255
115 154 124461696 255
101 156 124461720 255
91 156 124461728 255
75 156 124461752 255
65 153 124461792 255
