34
79 111 123811640 255
79 106 123811664 255
79 104 123811680 255
81 99 123811704 255
82 97 123811712 255
85 95 123811728 255
87 94 123811744 255
93 93 123811752 255
98 93 123811768 255
105 95 123811792 255
108 99 123811800 255
111 110 123811824 255
109 125 123811840 255
101 138 123811856 255
92 153 123811872 255
89 159 123811888 255
83 168 123811904 255
77 172 123811920 255
73 174 123811928 255
67 177 123811944 255
65 179 123811960 255
64 179 123811968 255
67 181 123811992 255
71 181 123812000 255
74 181 123812016 255
77 181 123812024 255
83 181 123812048 255
90 181 123812056 255
102 178 123812080 255
106 177 123812088 255
109 175 123812104 255
113 172 123812112 255
127 166 123812136 255
133 164 123812168 255
