30
157 80 124500816 255
152 76 124500864 255
151 75 124500872 255
148 78 124500896 255
145 80 124500904 255
135 86 124500920 255
131 91 124500936 255
127 97 124500944 255
123 104 124500960 255
115 121 124500976 255
111 134 124500992 255
112 144 124501016 255
114 155 124501032 255
117 163 124501048 255
132 174 124501064 255
137 176 124501080 255
149 175 124501104 255
155 172 124501112 255
161 169 124501120 255
164 165 124501136 255
167 163 124501136 255
167 159 124501152 255
164 156 124501168 255
157 148 124501184 255
154 145 124501200 255
149 144 124501208 255
142 144 124501216 255
131 147 124501240 255
126 149 124501248 255
118 155 124501288 255
