38
148 107 124471192 255
148 103 124471216 255
148 102 124471232 255
147 98 124471248 255
145 97 124471264 255
135 93 124471280 255
130 91 124471296 255
124 90 124471304 255
115 90 124471320 255
101 92 124471336 255
85 98 124471352 255
77 105 124471368 255
73 110 124471384 255
73 113 124471392 255
75 116 124471400 255
81 120 124471424 255
88 121 124471440 255
101 122 124471456 255
107 119 124471464 255
128 107 124471488 255
139 100 124471512 255
142 97 124471520 255
147 93 124471544 255
148 91 124471552 255
149 90 124471568 255
150 90 124471568 255
151 90 124471600 255
151 90 124471608 255
151 93 124471632 255
150 96 124471640 255
150 108 124471664 255
150 123 124471680 255
149 131 124471696 255
149 153 124471720 255
149 164 124471728 255
148 175 124471752 255
148 184 124471768 255
148 196 124471816 255
