33
156 84 123821312 255
154 81 123821328 255
153 78 123821344 255
151 72 123821360 255
150 70 123821376 255
144 68 123821392 255
139 67 123821400 255
129 68 123821432 255
118 77 123821448 255
111 81 123821464 255
97 99 123821480 255
92 110 123821496 255
90 117 123821504 255
88 126 123821512 255
87 141 123821536 255
88 147 123821552 255
106 173 123821568 255
111 178 123821584 255
114 180 123821592 255
122 182 123821600 255
134 183 123821616 255
139 182 123821632 255
154 172 123821656 255
162 163 123821680 255
160 160 123821688 255
156 149 123821712 255
152 140 123821728 255
145 136 123821744 255
133 132 123821760 255
129 130 123821776 255
117 134 123821800 255
110 138 123821808 255
105 142 123821840 255
