26
82 116 124492776 255
82 113 124492800 255
79 109 124492808 255
71 106 124492832 255
65 109 124492848 255
63 112 124492864 255
61 115 124492872 255
59 119 124492888 255
58 127 124492896 255
56 141 124492920 255
56 155 124492928 255
60 175 124492952 255
68 185 124492960 255
81 199 124492984 255
94 198 124493008 255
100 196 124493016 255
109 189 124493040 255
117 175 124493048 255
124 165 124493056 255
128 148 124493064 255
124 132 124493088 255
123 128 124493104 255
119 118 124493120 255
110 113 124493136 255
101 111 124493144 255
84 113 124493184 255
