32
127 102 123808176 255
124 99 123808200 255
122 98 123808216 255
119 95 123808232 255
117 94 123808248 255
105 93 123808264 255
101 92 123808272 255
93 93 123808296 255
81 101 123808320 255
75 107 123808336 255
64 130 123808352 255
62 140 123808368 255
62 147 123808376 255
68 159 123808384 255
78 174 123808408 255
80 177 123808416 255
89 180 123808440 255
95 181 123808448 255
101 181 123808464 255
105 181 123808472 255
114 173 123808488 255
121 169 123808504 255
131 161 123808528 255
137 152 123808536 255
140 142 123808544 255
142 137 123808560 255
142 129 123808584 255
135 118 123808600 255
130 111 123808616 255
127 106 123808624 255
122 99 123808648 255
116 95 123808688 255
