32
103 64 192539440 255
97 68 192539488 255
95 74 192539504 255
91 84 192539520 255
90 92 192539536 255
86 108 192539552 255
85 113 192539568 255
83 118 192539584 255
80 127 192539584 255
78 138 192539616 255
78 141 192539616 255
81 145 192539648 255
83 146 192539664 255
85 147 192539664 255
92 147 192539680 255
105 148 192539696 255
115 148 192539712 255
130 148 192539728 255
137 147 192539776 255
175 88 192539904 255
166 92 192539968 255
163 99 192539968 255
157 111 192540000 255
153 127 192540000 255
148 156 192540032 255
144 171 192540032 255
140 180 192540048 255
132 201 192540048 255
127 213 192540080 255
125 222 192540096 255
127 233 192540112 255
130 236 192540144 255
