40
139 115 192071552 255
139 111 192071600 255
139 110 192071600 255
141 108 192071632 255
141 107 192071632 255
142 105 192071664 255
140 105 192071664 255
136 105 192071680 255
133 105 192071680 255
127 108 192071712 255
125 110 192071728 255
121 114 192071744 255
119 116 192071760 255
115 118 192071776 255
110 120 192071776 255
101 128 192071792 255
98 134 192071808 255
93 143 192071840 255
91 148 192071840 255
88 164 192071872 255
87 171 192071872 255
86 181 192071904 255
87 188 192071904 255
90 198 192071936 255
95 203 192071936 255
104 208 192071968 255
109 210 192071968 255
122 212 192072000 255
134 211 192072016 255
139 206 192072032 255
154 197 192072048 255
161 193 192072064 255
169 182 192072080 255
174 173 192072096 255
177 164 192072112 255
177 160 192072128 255
164 146 192072144 255
146 133 192072176 255
137 130 192072176 255
128 127 192072224 255
