28
157 99 192085360 255
155 95 192085392 255
154 94 192085408 255
152 93 192085424 255
150 92 192085440 255
140 92 192085456 255
130 93 192085472 255
123 94 192085488 255
108 103 192085520 255
101 110 192085520 255
85 134 192085552 255
70 151 192085568 255
71 172 192085584 255
75 179 192085600 255
78 184 192085616 255
87 201 192085632 255
104 209 192085664 255
110 211 192085664 255
127 213 192085696 255
133 213 192085696 255
141 205 192085728 255
144 196 192085744 255
142 192 192085760 255
129 176 192085776 255
117 169 192085792 255
98 163 192085808 255
87 164 192085824 255
81 166 192085856 255
