31
125 122 192089056 255
121 118 192089088 255
119 114 192089104 255
109 109 192089120 255
104 109 192089136 255
92 112 192089152 255
85 114 192089168 255
77 119 192089184 255
80 123 192089216 255
84 130 192089216 255
104 145 192089248 255
124 163 192089248 255
141 179 192089264 255
144 182 192089280 255
148 200 192089296 255
148 205 192089312 255
145 212 192089328 255
139 215 192089344 255
133 217 192089360 255
125 218 192089360 255
109 217 192089376 255
103 215 192089392 255
94 202 192089424 255
92 194 192089424 255
92 178 192089440 255
103 165 192089456 255
127 130 192089472 255
144 113 192089488 255
150 105 192089504 255
157 101 192089520 255
162 97 192089552 255
