36
73 103 192506080 255
76 99 192506112 255
78 98 192506128 255
83 95 192506144 255
89 94 192506160 255
102 93 192506176 255
108 93 192506192 255
115 93 192506192 255
123 93 192506208 255
133 95 192506240 255
139 103 192506256 255
140 108 192506272 255
141 113 192506272 255
139 118 192506288 255
134 128 192506304 255
124 145 192506320 255
119 150 192506336 255
94 172 192506352 255
82 177 192506352 255
67 181 192506384 255
55 183 192506400 255
48 184 192506416 255
39 186 192506432 255
36 186 192506448 255
35 187 192506464 255
38 188 192506464 255
45 194 192506496 255
50 198 192506496 255
66 205 192506528 255
84 208 192506528 255
98 210 192506544 255
113 211 192506560 255
130 212 192506576 255
136 212 192506592 255
147 212 192506608 255
153 211 192506640 255
