34
125 70 192519024 255
114 68 192519056 255
108 68 192519072 255
98 75 192519088 255
94 80 192519104 255
90 87 192519120 255
88 95 192519136 255
88 101 192519152 255
88 107 192519152 255
93 115 192519184 255
98 118 192519184 255
108 122 192519200 255
117 123 192519216 255
124 123 192519232 255
129 122 192519248 255
137 116 192519264 255
139 111 192519280 255
141 103 192519296 255
135 97 192519312 255
132 94 192519328 255
128 91 192519360 255
126 90 192519360 255
124 92 192519392 255
123 95 192519392 255
122 102 192519408 255
122 108 192519424 255
121 118 192519424 255
121 130 192519440 255
121 142 192519456 255
120 174 192519472 255
119 188 192519488 255
119 206 192519504 255
118 213 192519520 255
118 227 192519552 255
