32
146 114 3106612 255
139 112 3106653 255
132 111 3106667 255
125 112 3106680 255
107 117 3106704 255
97 125 3106716 255
86 135 3106731 255
66 162 3106755 255
59 177 3106768 255
54 190 3106781 255
49 215 3106807 255
49 226 3106820 255
53 240 3106845 255
58 247 3106859 255
65 255 3106871 255
79 262 3106896 255
86 263 3106908 255
95 260 3106923 255
110 250 3106948 255
116 244 3106960 255
123 234 3106972 255
136 210 3107000 255
141 196 3107012 255
144 183 3107024 255
148 168 3107036 255
149 155 3107052 255
150 142 3107063 255
150 131 3107075 255
149 124 3107088 255
148 118 3107100 255
147 114 3107115 255
145 111 3107184 255
