40
173 125 3122025 255
169 120 3122035 255
161 116 3122059 255
159 115 3122060 255
155 113 3122073 255
151 109 3122087 255
136 103 3122111 255
132 101 3122112 255
123 101 3122124 255
114 103 3122136 255
92 110 3122163 255
81 115 3122176 255
72 125 3122188 255
63 141 3122215 255
61 151 3122227 255
62 160 3122240 255
74 171 3122264 255
82 173 3122279 255
94 174 3122292 255
115 165 3122316 255
127 157 3122329 255
136 150 3122344 255
148 132 3122368 255
151 125 3122380 255
154 119 3122393 255
155 115 3122408 255
156 112 3122420 255
156 110 3122432 255
156 109 3122444 255
155 111 3122471 255
154 114 3122483 255
150 134 3122508 255
147 150 3122520 255
143 168 3122535 255
136 200 3122559 255
133 216 3122572 255
129 228 3122584 255
126 252 3122611 255
126 261 3122624 255
130 271 3122680 255
