59
81 114 2467932 255
82 111 2467966 255
83 99 2467979 255
85 92 2467993 255
89 88 2468005 255
99 84 2468018 255
107 82 2468031 255
113 80 2468043 255
119 79 2468057 255
135 78 2468070 255
142 79 2468083 255
157 81 2468106 255
164 84 2468122 255
169 93 2468133 255
173 108 2468159 255
171 119 2468171 255
165 130 2468186 255
153 154 2468210 255
146 165 2468222 255
138 172 2468234 255
119 193 2468261 255
110 200 2468274 255
101 205 2468286 255
93 208 2468298 255
84 211 2468314 255
76 213 2468325 255
68 213 2468338 255
55 212 2468363 255
50 211 2468377 255
44 207 2468401 255
43 204 2468402 255
43 192 2468426 255
45 187 2468441 255
48 183 2468454 255
54 180 2468477 255
64 178 2468490 255
72 177 2468506 255
79 177 2468518 255
93 179 2468542 255
98 182 2468555 255
103 189 2468569 255
108 202 2468594 255
110 206 2468606 255
111 210 2468619 255
113 221 2468645 255
115 231 2468658 255
116 235 2468670 255
117 238 2468683 255
121 241 2468722 255
124 242 2468735 255
127 242 2468747 255
134 242 2468773 255
140 241 2468786 255
145 238 2468798 255
160 225 2468825 255
165 222 2468826 255
176 216 2468838 255
186 213 2468850 255
196 211 2468894 255
