47
99 53 3144862 255
96 59 3144902 255
96 64 3144903 255
95 68 3144910 255
90 84 3144935 255
88 96 3144948 255
86 105 3144960 255
73 129 3144987 255
66 136 3144998 255
63 141 3145011 255
60 145 3145024 255
59 148 3145036 255
59 156 3145051 255
59 163 3145063 255
66 172 3145088 255
73 174 3145100 255
79 176 3145114 255
81 176 3145126 255
92 177 3145139 255
101 176 3145152 255
108 175 3145164 255
111 172 3145177 255
119 161 3145191 255
122 155 3145203 255
129 146 3145228 255
132 139 3145243 255
134 130 3145255 255
138 120 3145279 255
138 117 3145292 255
139 117 3145307 255
138 118 3145331 255
137 121 3145343 255
134 129 3145356 255
126 154 3145383 255
121 166 3145395 255
118 183 3145408 255
114 195 3145420 255
112 205 3145435 255
110 217 3145447 255
108 226 3145460 255
108 230 3145471 255
107 233 3145472 255
106 237 3145484 255
106 241 3145499 255
106 244 3145522 255
107 245 3145524 255
107 245 3145573 255
