53
112 94 2471941 255
112 97 2471951 255
109 104 2471975 255
107 106 2471977 255
105 108 2471983 255
96 119 2472009 255
93 130 2472021 255
90 137 2472033 255
87 149 2472060 255
86 155 2472061 255
84 164 2472073 255
82 170 2472085 255
78 176 2472110 255
78 177 2472125 255
78 178 2472137 255
79 179 2472162 255
81 179 2472174 255
85 180 2472200 255
96 180 2472213 255
105 181 2472226 255
116 181 2472251 255
121 181 2472253 255
134 181 2472276 255
136 181 2472277 255
141 180 2472290 255
144 179 2472302 255
146 177 2472328 255
146 177 2472329 255
147 172 2472341 255
147 163 2472353 255
147 156 2472366 255
147 149 2472393 255
147 146 2472405 255
147 140 2472417 255
147 130 2472444 255
147 129 2472456 255
148 131 2472469 255
148 138 2472494 255
148 141 2472508 255
148 143 2472521 255
146 161 2472545 255
145 169 2472557 255
143 185 2472572 255
138 206 2472596 255
134 220 2472609 255
130 229 2472620 255
128 235 2472636 255
124 255 2472661 255
124 262 2472673 255
123 267 2472684 255
122 270 2472700 255
121 272 2472723 255
122 272 2472768 255
