27
76 87 3150041 255
82 84 3150081 255
97 83 3150096 255
112 82 3150109 255
133 79 3150132 255
148 78 3150146 255
157 79 3150161 255
163 81 3150184 255
159 91 3150198 255
156 101 3150209 255
152 116 3150225 255
144 131 3150237 255
134 151 3150249 255
127 170 3150262 255
119 193 3150287 255
114 212 3150301 255
110 224 3150313 255
105 237 3150338 255
105 239 3150352 255
106 241 3150364 255
107 243 3150401 255
89 147 3150507 255
97 148 3150565 255
110 149 3150578 255
122 149 3150591 255
152 150 3150615 255
172 148 3150659 255
