44
170 108 3137790 255
162 103 3137800 255
155 95 3137820 255
149 94 3137833 255
131 103 3137858 255
123 107 3137870 255
112 112 3137882 255
93 133 3137910 255
85 140 3137922 255
72 160 3137945 255
69 165 3137947 255
64 177 3137961 255
61 191 3137973 255
59 208 3137998 255
59 221 3138010 255
61 230 3138024 255
69 238 3138050 255
74 240 3138061 255
77 241 3138073 255
84 242 3138100 255
88 242 3138113 255
97 242 3138137 255
100 242 3138138 255
106 241 3138152 255
110 240 3138165 255
114 239 3138177 255
117 231 3138190 255
123 223 3138201 255
132 217 3138217 255
138 212 3138229 255
148 191 3138254 255
153 184 3138266 255
160 171 3138281 255
171 153 3138305 255
174 141 3138318 255
176 130 3138330 255
178 117 3138356 255
179 108 3138369 255
178 98 3138381 255
178 92 3138393 255
177 87 3138421 255
176 85 3138433 255
175 85 3138445 255
175 85 3138489 255
