44
152 88 1422900 255
147 85 1423006 255
141 85 1423020 255
133 85 1423031 255
122 85 1423056 255
116 86 1423069 255
106 87 1423084 255
93 97 1423108 255
89 105 1423121 255
87 110 1423132 255
85 115 1423160 255
85 116 1423172 255
86 117 1423195 255
89 118 1423211 255
92 118 1423223 255
102 118 1423247 255
110 117 1423260 255
114 117 1423275 255
121 116 1423298 255
124 114 1423300 255
131 110 1423311 255
136 105 1423324 255
141 97 1423350 255
143 92 1423363 255
144 91 1423376 255
144 89 1423402 255
144 89 1423414 255
144 89 1423427 255
145 98 1423453 255
145 105 1423467 255
145 109 1423478 255
146 115 1423504 255
146 117 1423516 255
146 130 1423530 255
146 145 1423555 255
146 156 1423568 255
144 167 1423579 255
135 179 1423606 255
129 190 1423619 255
119 205 1423644 255
115 208 1423658 255
112 210 1423671 255
108 211 1423695 255
105 211 1423739 255
