48
120 108 1404872 255
116 111 1404978 255
114 113 1404991 255
112 114 1405004 255
102 116 1405028 255
97 117 1405041 255
93 119 1405055 255
88 130 1405080 255
86 137 1405092 255
84 142 1405105 255
82 147 1405119 255
81 155 1405132 255
79 165 1405144 255
79 175 1405167 255
79 178 1405170 255
79 183 1405183 255
80 190 1405196 255
84 200 1405220 255
86 204 1405232 255
89 205 1405247 255
96 207 1405272 255
101 208 1405284 255
105 208 1405297 255
115 205 1405324 255
119 202 1405336 255
128 192 1405361 255
134 188 1405375 255
139 184 1405387 255
145 177 1405411 255
147 173 1405412 255
150 165 1405425 255
152 158 1405439 255
153 151 1405464 255
153 147 1405476 255
152 141 1405489 255
149 127 1405515 255
146 122 1405528 255
139 118 1405551 255
136 117 1405552 255
130 115 1405567 255
122 113 1405592 255
119 114 1405604 255
115 115 1405616 255
110 115 1405631 255
101 116 1405656 255
98 117 1405669 255
96 117 1405681 255
95 118 1405737 255
