44
126 182 1876902 255
123 179 1876993 255
123 178 1876994 255
123 167 1877007 255
122 159 1877020 255
122 148 1877034 255
122 135 1877046 255
123 121 1877058 255
125 105 1877070 255
136 78 1877097 255
139 68 1877110 255
141 60 1877133 255
141 59 1877134 255
141 57 1877149 255
139 56 1877161 255
134 56 1877173 255
127 58 1877198 255
124 65 1877212 255
121 73 1877225 255
106 84 1877250 255
97 97 1877262 255
88 105 1877276 255
69 115 1877301 255
65 117 1877314 255
62 119 1877326 255
61 120 1877352 255
65 120 1877365 255
74 120 1877389 255
76 120 1877390 255
82 119 1877404 255
92 119 1877416 255
113 118 1877441 255
126 118 1877453 255
135 118 1877467 255
146 119 1877492 255
150 119 1877493 255
156 120 1877504 255
161 121 1877517 255
165 121 1877543 255
166 121 1877545 255
164 121 1877563 255
160 120 1877582 255
158 120 1877595 255
158 120 1877631 255
