39
79 180 1875389 255
84 181 1875507 255
87 181 1875521 255
90 180 1875532 255
99 179 1875558 255
104 178 1875572 255
107 172 1875585 255
109 159 1875609 255
109 155 1875621 255
105 152 1875636 255
96 149 1875661 255
92 147 1875673 255
90 145 1875685 255
83 138 1875712 255
78 136 1875724 255
69 138 1875749 255
68 139 1875763 255
70 141 1875776 255
78 141 1875800 255
81 141 1875813 255
84 136 1875828 255
94 126 1875852 255
101 123 1875865 255
106 120 1875877 255
111 115 1875904 255
112 111 1875917 255
111 106 1875929 255
109 101 1875941 255
102 97 1875956 255
97 94 1875968 255
91 91 1875980 255
86 90 1875993 255
81 89 1876005 255
75 88 1876020 255
72 88 1876032 255
70 88 1876045 255
72 88 1876063 255
74 88 1876082 255
75 88 1876113 255
