67
154 66 1415413 255
149 64 1415511 255
146 64 1415524 255
142 64 1415539 255
128 62 1415563 255
122 62 1415575 255
114 62 1415588 255
102 63 1415603 255
97 67 1415614 255
92 70 1415615 255
80 74 1415628 255
67 78 1415651 255
64 79 1415652 255
60 80 1415667 255
57 81 1415679 255
54 82 1415703 255
54 83 1415716 255
53 84 1415731 255
53 84 1415754 255
53 85 1415756 255
54 85 1415767 255
54 87 1415779 255
54 101 1415807 255
53 108 1415819 255
53 113 1415832 255
52 115 1415843 255
52 117 1415844 255
51 122 1415859 255
50 130 1415871 255
50 135 1415883 255
50 136 1415894 255
51 138 1415908 255
52 137 1415923 255
53 135 1415935 255
54 128 1415960 255
55 125 1415972 255
59 123 1415986 255
62 122 1415998 255
72 121 1416011 255
77 121 1416024 255
81 122 1416036 255
83 122 1416049 255
90 127 1416062 255
97 134 1416075 255
109 143 1416100 255
114 146 1416115 255
117 148 1416126 255
122 152 1416152 255
123 161 1416163 255
123 169 1416178 255
121 177 1416203 255
120 179 1416216 255
118 180 1416227 255
114 181 1416242 255
108 182 1416255 255
101 183 1416267 255
92 184 1416292 255
89 185 1416305 255
87 185 1416319 255
79 186 1416342 255
69 186 1416356 255
64 186 1416370 255
59 186 1416394 255
59 186 1416395 255
58 185 1416407 255
58 185 1416419 255
61 184 1416469 255
