36
81 153 1366758 255
84 150 1366843 255
85 149 1366856 255
86 148 1366869 255
95 132 1366895 255
99 129 1366896 255
106 124 1366908 255
111 121 1366920 255
115 117 1366946 255
116 116 1366947 255
118 114 1366960 255
119 113 1366973 255
119 113 1366990 255
119 113 1367016 255
119 115 1367029 255
119 115 1367041 255
118 116 1367061 255
118 117 1367074 255
118 117 1367086 255
118 118 1367087 255
117 122 1367099 255
117 133 1367112 255
115 140 1367124 255
115 143 1367137 255
114 156 1367151 255
114 166 1367163 255
113 179 1367188 255
112 188 1367203 255
112 198 1367215 255
111 209 1367239 255
111 212 1367251 255
111 214 1367267 255
112 217 1367290 255
112 217 1367291 255
112 218 1367302 255
112 217 1367353 255
