42
178 119 21659944 255
175 115 21659972 255
170 114 21659984 255
161 112 21660004 255
156 111 21660016 255
140 109 21660038 255
126 107 21660056 255
117 107 21660070 255
104 109 21660092 255
99 113 21660104 255
91 122 21660124 255
88 126 21660136 255
81 137 21660146 255
69 155 21660164 255
65 160 21660180 255
64 164 21660188 255
61 175 21660212 255
59 180 21660222 255
59 183 21660232 255
59 185 21660244 255
59 187 21660264 255
63 184 21660272 255
72 179 21660298 255
77 176 21660308 255
92 173 21660330 255
106 171 21660352 255
115 171 21660362 255
130 175 21660380 255
140 180 21660396 255
151 186 21660406 255
160 192 21660416 255
171 212 21660438 255
173 217 21660448 255
172 225 21660472 255
163 238 21660488 255
157 243 21660504 255
139 249 21660524 255
133 251 21660536 255
117 251 21660556 255
109 248 21660568 255
101 243 21660580 255
94 236 21660624 255
