37
177 114 22088050 255
172 110 22088078 255
162 108 22088096 255
154 106 22088110 255
146 105 22088120 255
131 104 22088144 255
121 104 22088154 255
113 104 22088164 255
106 105 22088176 255
96 111 22088196 255
92 117 22088204 255
83 143 22088228 255
81 154 22088240 255
80 167 22088252 255
79 177 22088262 255
79 186 22088284 255
79 189 22088294 255
80 192 22088312 255
81 191 22088328 255
83 187 22088338 255
86 183 22088348 255
97 176 22088370 255
102 174 22088380 255
117 171 22088404 255
132 174 22088420 255
146 181 22088436 255
163 194 22088456 255
169 209 22088468 255
171 223 22088488 255
167 233 22088500 255
153 247 22088522 255
132 252 22088544 255
119 253 22088554 255
102 253 22088576 255
93 253 22088588 255
86 252 22088598 255
80 248 22088628 255
