37
79 200 21653672 255
82 196 21653706 255
83 191 21653716 255
88 181 21653734 255
94 175 21653748 255
109 150 21653772 255
114 140 21653782 255
119 125 21653792 255
124 116 21653804 255
139 94 21653824 255
145 80 21653842 255
146 77 21653858 255
147 71 21653868 255
148 67 21653880 255
149 63 21653890 255
149 59 21653912 255
150 61 21653932 255
149 66 21653952 255
149 70 21653966 255
148 77 21653976 255
146 92 21653998 255
143 107 21654008 255
141 120 21654020 255
140 133 21654032 255
139 153 21654052 255
139 160 21654060 255
135 182 21654084 255
132 202 21654108 255
132 209 21654116 255
130 217 21654140 255
130 220 21654150 255
130 226 21654168 255
130 234 21654192 255
130 238 21654204 255
129 245 21654226 255
129 248 21654236 255
129 251 21654282 255
