46
86 122 14311636 255
86 117 14311652 255
87 114 14311666 255
89 110 14311680 255
100 99 14311704 255
108 96 14311716 255
114 97 14311728 255
127 104 14311756 255
131 109 14311768 255
135 119 14311792 255
134 127 14311808 255
130 135 14311820 255
121 147 14311844 255
114 153 14311856 255
107 161 14311872 255
96 173 14311896 255
93 178 14311910 255
90 182 14311922 255
86 197 14311948 255
86 203 14311960 255
87 209 14311984 255
88 211 14311986 255
90 213 14312000 255
94 215 14312012 255
100 216 14312036 255
105 216 14312050 255
108 215 14312064 255
111 213 14312076 255
114 211 14312088 255
120 198 14312112 255
122 192 14312128 255
122 187 14312140 255
120 177 14312166 255
119 170 14312178 255
117 163 14312192 255
114 156 14312216 255
112 154 14312216 255
107 151 14312228 255
102 147 14312240 255
97 142 14312256 255
90 130 14312280 255
88 127 14312294 255
86 123 14312306 255
84 120 14312332 255
84 118 14312344 255
84 117 14312394 255
