44
117 85 14324088 255
111 85 14324118 255
102 86 14324134 255
96 90 14324146 255
88 107 14324170 255
85 114 14324182 255
81 128 14324198 255
72 147 14324222 255
70 160 14324234 255
71 169 14324246 255
78 185 14324274 255
81 195 14324286 255
84 204 14324310 255
85 206 14324310 255
87 208 14324326 255
90 209 14324338 255
94 207 14324350 255
101 201 14324362 255
107 194 14324374 255
111 189 14324388 255
119 181 14324414 255
122 172 14324426 255
127 163 14324438 255
136 153 14324466 255
138 147 14324476 255
140 139 14324490 255
141 131 14324502 255
142 126 14324516 255
141 122 14324530 255
140 120 14324542 255
135 113 14324566 255
132 110 14324580 255
129 106 14324594 255
125 96 14324618 255
124 92 14324630 255
122 90 14324644 255
120 88 14324668 255
120 87 14324680 255
119 87 14324694 255
119 86 14324708 255
118 86 14324720 255
118 86 14324738 255
118 85 14324750 255
119 85 14324802 255
