54
140 93 13806150 255
134 93 13806190 255
129 92 13806198 255
121 89 13806224 255
118 88 13806236 255
108 87 13806260 255
98 86 13806276 255
94 86 13806288 255
90 85 13806312 255
90 85 13806314 255
89 85 13806324 255
89 85 13806338 255
89 86 13806364 255
89 87 13806376 255
89 94 13806388 255
87 109 13806416 255
86 113 13806428 255
86 118 13806440 255
84 136 13806468 255
84 141 13806480 255
84 144 13806492 255
84 146 13806516 255
84 147 13806530 255
84 146 13806542 255
86 144 13806568 255
88 143 13806580 255
92 140 13806596 255
105 136 13806620 255
109 138 13806632 255
112 142 13806644 255
117 147 13806670 255
118 148 13806684 255
120 150 13806708 255
121 151 13806708 255
122 157 13806724 255
123 164 13806736 255
123 173 13806758 255
123 175 13806760 255
122 178 13806772 255
121 181 13806786 255
119 192 13806812 255
118 199 13806824 255
116 204 13806836 255
107 210 13806864 255
100 212 13806876 255
95 213 13806888 255
92 213 13806900 255
87 213 13806926 255
83 213 13806940 255
79 213 13806952 255
74 213 13806964 255
68 213 13806990 255
68 212 13807002 255
68 212 13807046 255
