25
84 85 14309958 255
92 86 14310002 255
101 87 14310016 255
107 88 14310028 255
115 95 14310052 255
117 102 14310066 255
118 107 14310080 255
117 117 14310104 255
116 124 14310116 255
114 134 14310130 255
108 151 14310156 255
104 163 14310168 255
100 171 14310180 255
99 175 14310194 255
97 179 14310194 255
95 188 14310208 255
93 197 14310220 255
90 206 14310244 255
90 208 14310260 255
89 209 14310300 255
88 152 14310418 255
93 152 14310482 255
100 152 14310496 255
106 152 14310506 255
111 152 14310550 255
