37
136 88 14334894 255
130 87 14334914 255
124 87 14334928 255
122 88 14334940 255
117 93 14334966 255
106 105 14334980 255
99 111 14334992 255
94 121 14335004 255
91 128 14335018 255
87 141 14335032 255
85 154 14335044 255
83 172 14335068 255
83 178 14335084 255
84 184 14335096 255
87 200 14335120 255
89 204 14335132 255
93 206 14335148 255
100 207 14335172 255
104 206 14335184 255
108 202 14335196 255
115 190 14335222 255
118 186 14335236 255
121 181 14335258 255
122 179 14335260 255
122 172 14335276 255
122 166 14335286 255
121 159 14335310 255
120 157 14335312 255
118 155 14335324 255
115 153 14335340 255
105 150 14335364 255
100 150 14335376 255
96 150 14335388 255
90 150 14335414 255
87 150 14335428 255
85 150 14335440 255
85 150 14335490 255
