41
120 92 13759766 255
118 98 13759836 255
118 102 13759842 255
115 112 13759866 255
112 115 13759880 255
101 126 13759906 255
94 139 13759918 255
90 144 13759930 255
87 148 13759956 255
87 149 13759958 255
85 151 13759970 255
85 152 13759984 255
84 154 13760008 255
85 156 13760022 255
87 158 13760034 255
96 163 13760058 255
102 163 13760072 255
106 164 13760086 255
113 168 13760112 255
115 169 13760124 255
118 170 13760136 255
121 172 13760162 255
123 173 13760176 255
124 173 13760198 255
124 173 13760242 255
124 147 13760330 255
121 150 13760424 255
120 155 13760438 255
119 169 13760458 255
119 174 13760470 255
119 179 13760482 255
118 188 13760496 255
117 198 13760508 255
116 205 13760522 255
116 209 13760534 255
116 212 13760546 255
115 215 13760558 255
115 217 13760570 255
115 220 13760586 255
114 220 13760610 255
114 220 13760654 255
