57
121 90 14296844 255
116 92 14296898 255
109 100 14296910 255
102 108 14296924 255
94 115 14296948 255
92 120 14296950 255
89 131 14296962 255
87 139 14296974 255
84 158 14297000 255
83 168 14297014 255
83 174 14297026 255
84 182 14297050 255
85 188 14297064 255
89 198 14297088 255
90 200 14297090 255
93 203 14297102 255
96 204 14297114 255
100 205 14297126 255
104 206 14297142 255
113 203 14297166 255
118 201 14297178 255
123 198 14297190 255
130 192 14297206 255
139 183 14297230 255
143 178 14297242 255
146 173 14297256 255
150 160 14297282 255
151 156 14297294 255
152 153 14297306 255
152 148 14297332 255
152 141 14297346 255
152 136 14297358 255
151 129 14297382 255
150 123 14297398 255
149 121 14297410 255
148 119 14297422 255
146 115 14297446 255
146 114 14297462 255
145 113 14297474 255
144 109 14297498 255
142 106 14297510 255
141 105 14297526 255
139 103 14297548 255
136 101 14297562 255
134 100 14297574 255
131 100 14297590 255
128 100 14297614 255
126 99 14297626 255
125 99 14297638 255
123 98 14297666 255
121 97 14297678 255
120 97 14297690 255
118 97 14297716 255
117 97 14297730 255
116 96 14297742 255
117 96 14297760 255
117 97 14297798 255
