29
84 179 14299172 255
86 175 14299222 255
87 166 14299234 255
89 159 14299246 255
100 143 14299272 255
106 133 14299284 255
110 126 14299298 255
113 119 14299310 255
115 111 14299322 255
117 96 14299348 255
117 92 14299362 255
118 90 14299374 255
118 89 14299398 255
118 91 14299412 255
117 95 14299426 255
117 108 14299450 255
117 112 14299462 255
117 117 14299476 255
118 139 14299502 255
118 145 14299516 255
118 155 14299528 255
118 166 14299540 255
118 174 14299554 255
117 181 14299566 255
116 200 14299590 255
116 205 14299604 255
115 209 14299618 255
115 213 14299642 255
115 214 14299698 255
