31
84 115 7752971 255
84 111 7752993 255
84 109 7753006 255
84 107 7753025 255
84 105 7753038 255
87 99 7753062 255
89 96 7753063 255
99 89 7753075 255
107 86 7753088 255
125 85 7753114 255
134 90 7753127 255
141 96 7753139 255
146 102 7753165 255
147 113 7753178 255
145 122 7753191 255
129 135 7753216 255
123 146 7753229 255
118 154 7753242 255
115 163 7753267 255
116 166 7753279 255
118 170 7753293 255
134 180 7753318 255
141 186 7753330 255
146 190 7753343 255
152 200 7753369 255
152 208 7753381 255
145 221 7753406 255
133 225 7753421 255
121 228 7753434 255
95 228 7753458 255
80 223 7753496 255
