31
51 98 8195574 255
54 95 8195610 255
54 94 8195622 255
55 93 8195634 255
58 93 8195661 255
71 94 8195674 255
78 95 8195686 255
86 98 8195712 255
91 99 8195714 255
100 102 8195726 255
107 104 8195737 255
112 108 8195750 255
114 115 8195762 255
116 123 8195777 255
118 136 8195801 255
118 152 8195813 255
117 161 8195826 255
116 180 8195852 255
116 185 8195853 255
115 205 8195878 255
115 214 8195889 255
116 219 8195904 255
116 222 8195916 255
116 224 8195946 255
92 166 8196099 255
101 166 8196131 255
107 166 8196144 255
111 165 8196157 255
129 162 8196182 255
138 154 8196194 255
149 147 8196232 255
