30
129 78 7725743 255
121 80 7725765 255
113 86 7725777 255
97 96 7725797 255
83 107 7725810 255
62 128 7725834 255
60 131 7725835 255
57 140 7725847 255
55 151 7725859 255
54 176 7725887 255
56 187 7725898 255
66 202 7725911 255
84 219 7725938 255
96 223 7725950 255
106 224 7725962 255
114 224 7725974 255
125 220 7725987 255
135 212 7726001 255
145 193 7726026 255
147 182 7726039 255
147 174 7726051 255
137 160 7726077 255
129 157 7726090 255
123 159 7726102 255
111 162 7726114 255
100 168 7726129 255
91 178 7726141 255
74 190 7726154 255
62 210 7726179 255
62 214 7726210 255
