31
121 72 7722294 255
116 80 7722380 255
109 89 7722392 255
97 99 7722412 255
92 110 7722425 255
84 124 7722449 255
81 127 7722450 255
75 132 7722462 255
72 137 7722474 255
77 150 7722501 255
81 155 7722513 255
85 159 7722526 255
106 163 7722553 255
114 163 7722565 255
136 161 7722589 255
142 157 7722601 255
146 152 7722616 255
150 144 7722640 255
151 141 7722654 255
151 140 7722665 255
151 140 7722679 255
150 145 7722710 255
150 148 7722711 255
150 156 7722723 255
149 173 7722743 255
148 184 7722755 255
144 210 7722779 255
143 215 7722780 255
141 227 7722792 255
141 239 7722807 255
141 248 7722843 255
