42
90 75 7723969 255
96 75 7724015 255
103 76 7724030 255
109 76 7724042 255
116 77 7724067 255
119 77 7724080 255
121 77 7724095 255
122 76 7724119 255
122 75 7724131 255
120 75 7724143 255
119 73 7724170 255
117 73 7724182 255
108 73 7724206 255
103 74 7724208 255
96 76 7724221 255
91 82 7724233 255
84 93 7724258 255
74 100 7724270 255
69 106 7724286 255
65 117 7724309 255
65 121 7724310 255
67 126 7724323 255
72 129 7724335 255
80 133 7724362 255
84 133 7724373 255
92 133 7724386 255
112 134 7724413 255
127 135 7724425 255
138 136 7724437 255
143 136 7724449 255
164 139 7724462 255
172 147 7724477 255
178 155 7724489 255
182 171 7724514 255
180 182 7724525 255
166 198 7724540 255
134 223 7724566 255
123 225 7724577 255
108 226 7724590 255
70 210 7724616 255
60 201 7724628 255
57 198 7724654 255
