28
122 112 8212226 255
121 108 8212243 255
120 105 8212254 255
119 102 8212269 255
109 99 8212294 255
100 99 8212306 255
93 101 8212318 255
71 113 8212346 255
64 122 8212357 255
56 150 8212383 255
55 160 8212397 255
56 173 8212409 255
74 192 8212434 255
80 197 8212446 255
94 201 8212460 255
113 201 8212486 255
125 199 8212497 255
135 195 8212509 255
142 183 8212525 255
146 174 8212536 255
149 156 8212549 255
149 139 8212573 255
149 132 8212574 255
147 121 8212588 255
139 113 8212600 255
124 100 8212624 255
119 93 8212637 255
113 89 8212669 255
