33
79 109 45439240 255
74 104 45439288 255
73 102 45439300 255
72 100 45439304 255
75 98 45439320 255
78 97 45439332 255
95 93 45439352 255
108 91 45439364 255
129 88 45439384 255
141 91 45439408 255
144 95 45439416 255
146 106 45439440 255
145 111 45439452 255
136 118 45439472 255
125 125 45439496 255
119 128 45439504 255
109 129 45439520 255
107 129 45439536 255
104 128 45439560 255
110 128 45439580 255
120 130 45439592 255
136 137 45439616 255
161 149 45439632 255
163 157 45439648 255
159 172 45439668 255
156 181 45439680 255
133 207 45439700 255
127 211 45439712 255
104 214 45439732 255
86 215 45439752 255
79 214 45439764 255
68 212 45439788 255
65 212 45439820 255
