27
87 95 45460392 255
86 91 45460452 255
87 88 45460464 255
99 83 45460484 255
106 82 45460496 255
125 84 45460512 255
131 86 45460528 255
137 88 45460540 255
140 90 45460552 255
144 101 45460572 255
142 107 45460584 255
123 141 45460604 255
97 174 45460620 255
92 180 45460636 255
84 190 45460656 255
77 199 45460668 255
65 208 45460692 255
63 209 45460700 255
61 211 45460712 255
60 213 45460728 255
65 213 45460744 255
70 214 45460756 255
88 215 45460776 255
101 216 45460788 255
130 216 45460808 255
156 216 45460832 255
163 215 45460864 255
