28
71 113 45000580 255
65 107 45000612 255
64 105 45000624 255
66 100 45000644 255
72 97 45000656 255
93 91 45000676 255
113 88 45000684 255
137 91 45000712 255
145 100 45000732 255
144 105 45000744 255
128 125 45000764 255
115 134 45000776 255
104 140 45000784 255
96 144 45000792 255
90 147 45000816 255
89 147 45000828 255
96 148 45000852 255
107 150 45000864 255
119 153 45000872 255
141 159 45000884 255
165 175 45000900 255
166 180 45000916 255
159 193 45000936 255
150 201 45000948 255
122 215 45000968 255
97 221 45000992 255
76 221 45001008 255
70 218 45001056 255
