29
132 105 45435100 255
131 102 45435128 255
128 100 45435136 255
124 103 45435160 255
122 107 45435168 255
111 116 45435192 255
94 142 45435208 255
84 172 45435224 255
72 191 45435248 255
67 203 45435256 255
68 221 45435280 255
73 229 45435288 255
77 234 45435300 255
91 238 45435320 255
99 238 45435332 255
117 233 45435344 255
144 220 45435368 255
168 198 45435376 255
174 191 45435388 255
177 176 45435400 255
179 148 45435420 255
178 138 45435424 255
156 110 45435452 255
149 103 45435464 255
141 100 45435472 255
135 98 45435484 255
127 97 45435504 255
124 97 45435516 255
118 106 45435560 255
