30
79 87 45446868 255
82 82 45446892 255
83 80 45446908 255
85 77 45446920 255
96 73 45446940 255
104 73 45446952 255
113 74 45446960 255
122 77 45446972 255
136 84 45446992 255
141 88 45447000 255
146 95 45447024 255
146 99 45447036 255
144 104 45447048 255
138 110 45447056 255
103 144 45447080 255
93 157 45447092 255
82 184 45447108 255
79 197 45447124 255
79 216 45447144 255
84 226 45447168 255
89 229 45447176 255
100 228 45447200 255
109 221 45447216 255
112 214 45447232 255
113 190 45447252 255
104 168 45447264 255
82 128 45447288 255
72 115 45447296 255
61 95 45447320 255
59 81 45447364 255
