29
154 79 45029568 255
152 76 45029612 255
152 76 45029624 255
148 76 45029648 255
143 78 45029656 255
130 84 45029672 255
119 86 45029688 255
111 91 45029700 255
98 106 45029712 255
73 133 45029732 255
63 148 45029744 255
58 180 45029764 255
64 200 45029784 255
68 207 45029800 255
79 222 45029820 255
85 229 45029832 255
100 229 45029852 255
105 226 45029864 255
110 224 45029872 255
130 209 45029892 255
137 199 45029904 255
137 194 45029916 255
130 181 45029936 255
125 172 45029948 255
117 167 45029960 255
107 162 45029972 255
98 160 45029992 255
95 161 45030000 255
90 171 45030048 255
