47
338 177 3611349 255
327 183 3611389 255
316 187 3611406 255
299 195 3611422 255
277 206 3611438 255
251 218 3611455 255
227 239 3611471 255
208 251 3611488 255
195 267 3611504 255
186 283 3611521 255
177 303 3611537 255
168 327 3611554 255
163 343 3611570 255
162 357 3611586 255
166 375 3611603 255
173 389 3611619 255
178 396 3611636 255
184 404 3611652 255
189 409 3611669 255
202 413 3611685 255
220 418 3611701 255
232 419 3611718 255
242 415 3611734 255
257 410 3611751 255
273 397 3611767 255
283 385 3611784 255
288 377 3611800 255
292 362 3611816 255
293 351 3611833 255
293 342 3611849 255
290 338 3611866 255
286 336 3611882 255
275 335 3611899 255
259 336 3611915 255
246 339 3611931 255
227 348 3611948 255
213 353 3611964 255
203 359 3611981 255
197 363 3611997 255
193 371 3612014 255
189 376 3612030 255
185 383 3612046 255
182 392 3612063 255
179 399 3612079 255
178 403 3612096 255
178 403 3612100 255
178 403 3612147 255
