41
200 283 3338475 255
200 283 3338491 255
200 283 3338507 255
200 283 3338540 255
207 281 3338573 255
221 277 3338590 255
244 271 3338606 255
262 268 3338622 255
272 267 3338639 255
279 271 3338655 255
283 273 3338672 255
286 281 3338688 255
286 290 3338705 255
281 302 3338721 255
271 311 3338737 255
258 319 3338754 255
246 328 3338770 255
236 336 3338787 255
228 342 3338803 255
225 345 3338820 255
223 346 3338836 255
223 346 3338852 255
228 343 3338869 255
245 338 3338885 255
264 336 3338902 255
276 335 3338918 255
292 345 3338935 255
305 352 3338951 255
314 361 3338967 255
318 380 3338984 255
318 394 3339000 255
309 405 3339017 255
301 416 3339033 255
293 424 3339050 255
274 435 3339066 255
259 438 3339082 255
240 440 3339099 255
222 437 3339115 255
209 433 3339132 255
202 428 3339148 255
197 423 3339180 255
