47
272 256 3340268 255
257 263 3340348 255
244 281 3340364 255
226 305 3340380 255
210 318 3340397 255
195 337 3340413 255
186 350 3340430 255
182 360 3340446 255
180 366 3340463 255
178 369 3340479 255
179 371 3340495 255
181 371 3340512 255
190 368 3340528 255
216 363 3340545 255
245 360 3340561 255
275 358 3340578 255
300 358 3340594 255
318 361 3340610 255
327 364 3340627 255
332 366 3340643 255
334 368 3340660 255
335 369 3340676 255
335 370 3340693 255
331 370 3340709 255
331 370 3340725 255
331 370 3340737 255
330 370 3340758 255
329 368 3340775 255
329 367 3340784 255
329 368 3340822 255
275 265 3341124 255
275 265 3341136 255
275 261 3341169 255
275 260 3341175 255
275 267 3341202 255
272 284 3341218 255
270 294 3341235 255
270 306 3341251 255
273 338 3341268 255
275 361 3341284 255
275 390 3341300 255
276 418 3341317 255
278 439 3341333 255
280 453 3341350 255
281 459 3341366 255
281 462 3341383 255
281 462 3341412 255
