40
354 209 3382070 255
354 203 3382102 255
354 199 3382118 255
351 193 3382134 255
346 189 3382151 255
330 189 3382167 255
306 192 3382184 255
274 200 3382200 255
247 207 3382217 255
222 216 3382233 255
204 229 3382250 255
197 237 3382266 255
193 250 3382282 255
196 259 3382299 255
214 274 3382315 255
234 284 3382332 255
264 300 3382348 255
286 315 3382365 255
310 335 3382381 255
324 344 3382397 255
334 360 3382414 255
337 372 3382430 255
334 395 3382447 255
320 408 3382463 255
305 416 3382480 255
293 420 3382496 255
273 420 3382512 255
257 418 3382529 255
248 410 3382545 255
243 393 3382562 255
245 376 3382578 255
270 344 3382595 255
283 324 3382611 255
294 301 3382627 255
315 274 3382644 255
331 254 3382660 255
340 233 3382677 255
344 219 3382693 255
345 202 3382710 255
336 188 3382749 255
