28
193 293 3336780 255
202 291 3336799 255
213 286 3336815 255
227 282 3336832 255
243 279 3336848 255
262 276 3336865 255
279 276 3336881 255
288 282 3336897 255
298 288 3336914 255
302 299 3336930 255
303 317 3336947 255
300 328 3336963 255
288 352 3336980 255
267 373 3336996 255
246 393 3337012 255
224 414 3337029 255
211 424 3337045 255
205 429 3337062 255
201 433 3337078 255
199 437 3337095 255
198 439 3337111 255
198 441 3337127 255
226 444 3337144 255
258 446 3337160 255
286 446 3337177 255
305 448 3337193 255
316 448 3337210 255
322 449 3337257 255
