42
333 251 3644006 255
336 245 3644032 255
340 238 3644048 255
341 231 3644065 255
341 225 3644081 255
335 220 3644098 255
317 217 3644114 255
301 217 3644130 255
271 221 3644147 255
248 224 3644163 255
223 240 3644180 255
207 248 3644196 255
199 261 3644213 255
197 270 3644229 255
205 284 3644245 255
222 293 3644262 255
261 303 3644278 255
292 311 3644295 255
324 321 3644311 255
342 337 3644328 255
356 357 3644344 255
360 371 3644360 255
358 383 3644377 255
349 392 3644393 255
327 406 3644410 255
303 413 3644426 255
278 418 3644443 255
259 418 3644459 255
243 412 3644475 255
229 408 3644492 255
220 400 3644508 255
218 382 3644525 255
231 363 3644541 255
251 346 3644558 255
283 318 3644574 255
301 304 3644590 255
327 283 3644607 255
337 272 3644623 255
341 263 3644640 255
341 255 3644656 255
327 247 3644673 255
319 245 3644698 255
