28
95 128 21742276 255
89 127 21742314 255
87 128 21742324 255
85 130 21742332 255
84 131 21742346 255
83 132 21742356 255
82 134 21742380 255
83 135 21742390 255
84 138 21742400 255
89 142 21742412 255
100 152 21742432 255
105 157 21742440 255
116 180 21742466 255
118 185 21742476 255
118 192 21742498 255
116 194 21742508 255
110 195 21742520 255
98 196 21742540 255
93 196 21742548 255
86 187 21742596 255
94 129 21742672 255
99 125 21742716 255
104 123 21742726 255
114 119 21742744 255
121 116 21742758 255
132 111 21742780 255
137 109 21742792 255
141 108 21742824 255
