28
114 101 21364076 255
107 104 21364180 255
103 105 21364190 255
95 109 21364212 255
93 113 21364222 255
89 122 21364244 255
89 125 21364256 255
89 128 21364266 255
94 131 21364272 255
105 141 21364298 255
120 151 21364308 255
136 161 21364332 255
139 164 21364342 255
142 169 21364352 255
144 177 21364364 255
142 185 21364380 255
136 188 21364396 255
123 191 21364418 255
115 192 21364428 255
102 187 21364450 255
98 182 21364460 255
96 178 21364496 255
104 110 21364578 255
110 106 21364624 255
113 105 21364636 255
127 104 21364656 255
133 103 21364668 255
149 100 21364712 255
