36
68 98 21384992 255
69 95 21385008 255
72 91 21385020 255
75 88 21385024 255
78 85 21385040 255
84 83 21385052 255
99 84 21385072 255
104 88 21385084 255
109 91 21385096 255
113 95 21385106 255
117 103 21385128 255
118 109 21385134 255
115 120 21385160 255
109 123 21385172 255
104 126 21385182 255
100 128 21385192 255
94 131 21385214 255
92 132 21385224 255
91 133 21385242 255
96 134 21385258 255
101 134 21385268 255
106 135 21385280 255
121 140 21385300 255
128 147 21385312 255
139 158 21385332 255
143 167 21385352 255
140 171 21385366 255
130 182 21385388 255
126 185 21385400 255
109 189 21385420 255
103 189 21385432 255
99 187 21385442 255
92 181 21385460 255
90 178 21385476 255
89 176 21385484 255
88 173 21385520 255
