24
135 136 21734964 255
131 132 21734996 255
129 130 21735008 255
124 126 21735028 255
123 125 21735040 255
119 127 21735062 255
116 130 21735068 255
109 140 21735094 255
107 154 21735116 255
108 161 21735128 255
115 179 21735148 255
122 186 21735160 255
129 189 21735170 255
134 189 21735176 255
144 187 21735204 255
149 182 21735214 255
156 169 21735236 255
156 150 21735256 255
154 143 21735268 255
147 131 21735284 255
144 128 21735300 255
137 125 21735322 255
135 126 21735332 255
132 128 21735368 255
