32
234 118 2402988 255
226 129 2403078 255
213 146 2403095 255
202 158 2403111 255
194 169 2403127 255
184 185 2403144 255
176 205 2403160 255
171 218 2403177 255
166 237 2403193 255
166 253 2403210 255
172 262 2403226 255
179 267 2403242 255
188 271 2403259 255
206 272 2403275 255
225 268 2403292 255
239 265 2403308 255
257 258 2403325 255
269 257 2403341 255
275 257 2403357 255
278 261 2403374 255
278 266 2403390 255
276 272 2403407 255
271 287 2403423 255
265 303 2403440 255
259 321 2403456 255
255 345 2403472 255
251 360 2403489 255
251 372 2403505 255
254 380 2403522 255
257 386 2403538 255
260 389 2403555 255
263 389 2403588 255
