31
280 174 2376331 255
270 176 2376380 255
264 178 2376397 255
254 182 2376413 255
243 190 2376429 255
230 201 2376446 255
215 213 2376462 255
203 225 2376479 255
195 238 2376495 255
190 258 2376512 255
188 278 2376528 255
188 303 2376544 255
194 320 2376561 255
204 335 2376577 255
221 349 2376594 255
234 353 2376610 255
252 352 2376627 255
270 344 2376643 255
281 336 2376659 255
287 328 2376676 255
288 318 2376692 255
287 309 2376709 255
279 297 2376725 255
266 289 2376742 255
253 284 2376758 255
241 280 2376774 255
225 280 2376791 255
215 283 2376807 255
210 287 2376824 255
204 290 2376840 255
200 300 2376886 255
