30
222 194 2399913 255
225 188 2399957 255
229 186 2399973 255
237 179 2399990 255
254 172 2400006 255
271 167 2400022 255
279 166 2400039 255
284 166 2400055 255
287 170 2400072 255
288 180 2400088 255
286 196 2400105 255
273 215 2400121 255
253 236 2400137 255
243 252 2400154 255
236 262 2400170 255
231 270 2400187 255
227 277 2400203 255
226 284 2400220 255
226 289 2400236 255
231 293 2400252 255
236 296 2400269 255
243 299 2400285 255
258 299 2400302 255
282 295 2400318 255
309 288 2400335 255
329 283 2400351 255
340 280 2400367 255
346 277 2400384 255
349 276 2400400 255
350 276 2400462 255
