45
270 145 2187418 255
261 139 2187479 255
253 134 2187495 255
246 131 2187511 255
238 130 2187528 255
226 129 2187544 255
213 131 2187561 255
202 135 2187577 255
193 144 2187594 255
184 156 2187610 255
168 171 2187626 255
159 184 2187643 255
152 198 2187659 255
150 206 2187676 255
153 213 2187692 255
165 218 2187709 255
176 220 2187725 255
185 220 2187741 255
203 210 2187758 255
223 195 2187774 255
234 183 2187791 255
242 173 2187807 255
255 162 2187824 255
264 151 2187840 255
269 146 2187856 255
271 143 2187873 255
271 142 2187889 255
271 141 2187900 255
269 144 2187939 255
267 149 2187955 255
264 157 2187971 255
261 166 2187988 255
260 178 2188004 255
258 198 2188021 255
258 221 2188037 255
255 258 2188054 255
252 288 2188070 255
249 318 2188086 255
247 339 2188103 255
246 355 2188119 255
246 361 2188136 255
245 365 2188152 255
245 367 2188169 255
244 368 2188180 255
245 366 2188221 255
