28
178 186 2369622 255
196 178 2369694 255
217 174 2369710 255
228 173 2369726 255
233 175 2369743 255
238 180 2369759 255
240 190 2369776 255
241 207 2369792 255
235 226 2369809 255
221 252 2369825 255
208 267 2369841 255
198 281 2369858 255
191 296 2369874 255
187 306 2369891 255
186 312 2369907 255
186 316 2369924 255
188 319 2369940 255
199 323 2369956 255
221 323 2369973 255
239 320 2369989 255
260 318 2370006 255
279 313 2370022 255
290 308 2370039 255
299 305 2370055 255
304 303 2370071 255
307 303 2370088 255
308 303 2370104 255
308 303 2370130 255
