37
201 145 2401404 255
213 141 2401435 255
226 136 2401452 255
236 135 2401468 255
251 139 2401485 255
267 144 2401501 255
279 154 2401517 255
286 166 2401534 255
288 186 2401550 255
285 201 2401567 255
277 213 2401583 255
267 221 2401600 255
256 226 2401616 255
250 230 2401632 255
247 234 2401649 255
246 237 2401665 255
246 242 2401682 255
251 244 2401698 255
261 247 2401715 255
274 250 2401731 255
284 255 2401747 255
289 260 2401764 255
292 265 2401780 255
293 272 2401797 255
290 289 2401813 255
280 310 2401830 255
259 323 2401846 255
244 337 2401862 255
225 346 2401879 255
206 350 2401895 255
194 350 2401912 255
180 347 2401928 255
165 340 2401945 255
152 334 2401961 255
146 328 2401977 255
142 320 2401994 255
140 311 2402030 255
