51
188 188 2132715 255
190 183 2132780 255
193 182 2132796 255
201 178 2132812 255
210 175 2132829 255
222 170 2132845 255
230 168 2132862 255
235 167 2132878 255
241 166 2132895 255
248 166 2132911 255
257 166 2132927 255
262 169 2132944 255
265 171 2132960 255
266 174 2132977 255
266 178 2132993 255
262 187 2133010 255
254 204 2133026 255
248 216 2133042 255
242 228 2133059 255
235 242 2133075 255
226 260 2133092 255
214 272 2133108 255
201 289 2133125 255
192 309 2133141 255
183 323 2133157 255
169 339 2133174 255
161 349 2133190 255
153 358 2133207 255
149 364 2133223 255
148 366 2133237 255
151 367 2133256 255
153 368 2133272 255
158 368 2133289 255
165 368 2133305 255
176 365 2133322 255
186 361 2133338 255
204 355 2133355 255
225 349 2133371 255
236 346 2133387 255
250 343 2133404 255
265 342 2133420 255
278 341 2133437 255
285 345 2133453 255
290 347 2133470 255
292 348 2133486 255
293 349 2133502 255
295 349 2133519 255
297 349 2133535 255
299 349 2133549 255
298 349 2133585 255
298 349 2133623 255
