69
243 164 2151016 255
241 157 2151098 255
238 155 2151114 255
233 151 2151131 255
226 148 2151147 255
217 145 2151163 255
207 144 2151180 255
199 144 2151196 255
192 144 2151213 255
182 147 2151229 255
173 148 2151246 255
165 153 2151262 255
155 159 2151279 255
147 165 2151295 255
140 174 2151311 255
136 184 2151328 255
132 197 2151344 255
132 205 2151361 255
132 211 2151377 255
133 218 2151394 255
137 225 2151410 255
144 235 2151426 255
158 243 2151443 255
171 246 2151459 255
180 248 2151476 255
192 247 2151492 255
206 243 2151509 255
219 237 2151525 255
229 231 2151541 255
235 226 2151558 255
238 221 2151574 255
240 216 2151591 255
242 210 2151607 255
244 201 2151624 255
247 192 2151640 255
249 185 2151656 255
250 180 2151673 255
250 176 2151689 255
250 173 2151706 255
250 170 2151722 255
250 167 2151739 255
250 165 2151755 255
250 164 2151759 255
247 164 2151788 255
246 165 2151804 255
246 169 2151821 255
245 172 2151837 255
245 175 2151854 255
245 183 2151870 255
245 193 2151886 255
244 207 2151903 255
243 218 2151919 255
243 235 2151936 255
243 254 2151952 255
242 268 2151969 255
241 284 2151985 255
241 303 2152001 255
241 316 2152018 255
241 328 2152034 255
241 339 2152051 255
241 355 2152067 255
241 365 2152084 255
243 374 2152100 255
244 379 2152116 255
244 383 2152133 255
244 385 2152149 255
244 387 2152166 255
244 388 2152182 255
246 388 2152218 255
