40
133 82 1235364 255
129 85 1235404 255
129 89 1235415 255
127 101 1235436 255
125 110 1235447 255
122 144 1235469 255
121 159 1235480 255
119 180 1235491 255
119 187 1235497 255
119 207 1235523 255
118 213 1235534 255
117 234 1235556 255
117 241 1235566 255
117 245 1235577 255
116 248 1235613 255
121 76 1235741 255
119 80 1235783 255
117 86 1235794 255
114 91 1235800 255
108 101 1235816 255
99 116 1235827 255
85 137 1235848 255
71 153 1235859 255
66 157 1235870 255
64 159 1235881 255
60 162 1235902 255
59 163 1235909 255
59 165 1235935 255
64 165 1235946 255
69 165 1235957 255
75 166 1235967 255
94 165 1235989 255
106 163 1236000 255
140 155 1236017 255
157 153 1236032 255
166 149 1236043 255
173 148 1236065 255
178 145 1236087 255
180 143 1236097 255
181 145 1236133 255
