58
89 250 756864 255
89 247 756935 255
91 245 756946 255
99 243 756968 255
106 238 756985 255
109 235 757000 255
112 233 757011 255
114 232 757022 255
116 230 757033 255
119 223 757054 255
119 220 757065 255
119 211 757087 255
118 208 757093 255
109 203 757120 255
99 200 757141 255
95 196 757152 255
84 188 757174 255
77 182 757185 255
67 173 757202 255
62 162 757228 255
61 156 757239 255
64 147 757261 255
68 143 757272 255
73 136 757282 255
77 130 757293 255
83 120 757310 255
88 117 757326 255
100 117 757347 255
104 118 757358 255
108 121 757369 255
110 124 757380 255
114 129 757402 255
115 131 757413 255
116 136 757419 255
116 142 757434 255
116 148 757445 255
115 153 757456 255
110 162 757478 255
105 167 757489 255
96 181 757510 255
90 188 757527 255
88 190 757543 255
82 197 757565 255
79 200 757575 255
75 207 757597 255
72 211 757608 255
70 218 757630 255
70 220 757636 255
70 224 757662 255
70 226 757673 255
71 231 757695 255
72 236 757716 255
74 239 757738 255
76 240 757744 255
79 244 757771 255
80 246 757782 255
85 250 757803 255
90 252 757837 255
