43
83 145 774821 255
81 148 774871 255
79 152 774882 255
75 158 774904 255
74 161 774914 255
73 169 774932 255
73 176 774947 255
72 181 774958 255
72 185 774969 255
72 194 774990 255
72 199 775001 255
76 211 775023 255
80 219 775040 255
81 222 775055 255
84 227 775077 255
85 230 775088 255
88 234 775110 255
92 234 775121 255
101 231 775142 255
105 230 775149 255
108 225 775164 255
111 219 775175 255
115 208 775196 255
118 198 775207 255
120 187 775218 255
122 180 775229 255
122 170 775251 255
122 165 775257 255
121 154 775283 255
120 150 775294 255
120 146 775305 255
118 142 775327 255
117 140 775338 255
113 138 775359 255
108 138 775366 255
99 137 775392 255
93 137 775414 255
91 138 775424 255
87 140 775446 255
84 141 775457 255
82 144 775474 255
81 145 775489 255
81 146 775523 255
