36
128 82 1210460 255
127 85 1210498 255
127 90 1210509 255
129 101 1210530 255
129 124 1210547 255
127 147 1210563 255
124 186 1210574 255
122 204 1210595 255
121 216 1210617 255
121 221 1210628 255
120 229 1210649 255
120 233 1210656 255
120 235 1210682 255
119 235 1210716 255
127 93 1210824 255
122 95 1210866 255
121 97 1210877 255
118 100 1210899 255
113 105 1210910 255
102 119 1210931 255
94 129 1210942 255
81 149 1210959 255
76 157 1210985 255
74 159 1210996 255
75 162 1211018 255
77 162 1211029 255
83 161 1211051 255
99 157 1211068 255
111 156 1211083 255
130 154 1211105 255
144 153 1211116 255
159 153 1211137 255
164 153 1211148 255
168 153 1211159 255
173 152 1211176 255
175 153 1211214 255
