52
128 91 759197 255
123 90 759220 255
122 89 759236 255
120 89 759246 255
116 89 759268 255
113 90 759279 255
108 91 759290 255
104 95 759301 255
97 99 759322 255
95 101 759329 255
92 109 759355 255
90 115 759366 255
89 123 759387 255
89 129 759409 255
89 131 759420 255
98 134 759437 255
103 135 759453 255
111 135 759474 255
118 135 759485 255
125 132 759496 255
131 127 759507 255
139 117 759528 255
143 110 759546 255
144 105 759561 255
145 102 759572 255
146 98 759594 255
147 100 759615 255
147 101 759626 255
147 103 759648 255
148 104 759654 255
148 111 759680 255
149 121 759702 255
149 126 759713 255
149 142 759735 255
149 148 759746 255
148 170 759763 255
137 187 759789 255
131 191 759800 255
124 197 759821 255
114 202 759832 255
101 207 759854 255
91 210 759871 255
83 211 759887 255
71 210 759908 255
67 209 759919 255
61 208 759941 255
58 208 759952 255
56 207 759963 255
55 207 759973 255
54 206 759980 255
54 206 759995 255
55 206 760029 255
