50
75 134 743940 255
80 129 743990 255
81 127 744000 255
84 121 744022 255
88 118 744033 255
99 113 744050 255
104 111 744066 255
107 110 744076 255
111 109 744087 255
123 109 744109 255
129 111 744120 255
137 116 744141 255
142 124 744159 255
143 128 744174 255
141 138 744196 255
137 145 744207 255
125 164 744228 255
120 171 744239 255
107 183 744250 255
95 193 744267 255
91 198 744283 255
88 202 744293 255
72 216 744315 255
69 219 744326 255
66 221 744337 255
64 223 744348 255
60 226 744369 255
59 229 744376 255
58 233 744402 255
58 234 744413 255
58 235 744424 255
59 235 744435 255
65 235 744456 255
69 235 744467 255
80 234 744484 255
94 232 744510 255
101 231 744521 255
115 229 744543 255
121 229 744554 255
133 228 744576 255
144 228 744593 255
149 227 744608 255
159 227 744630 255
163 227 744641 255
170 226 744662 255
172 226 744673 255
174 225 744684 255
176 225 744695 255
177 225 744701 255
179 224 744750 255
