48
146 107 752329 255
138 105 752378 255
134 105 752389 255
127 106 752406 255
124 107 752421 255
115 112 752443 255
109 115 752454 255
104 120 752465 255
100 123 752475 255
94 133 752497 255
85 152 752514 255
80 159 752530 255
74 167 752540 255
69 179 752551 255
66 185 752562 255
64 191 752584 255
63 196 752595 255
63 204 752616 255
65 209 752623 255
73 217 752649 255
79 222 752671 255
81 225 752682 255
90 229 752703 255
96 229 752714 255
105 229 752731 255
113 228 752758 255
119 228 752768 255
130 221 752790 255
134 216 752801 255
140 208 752823 255
144 202 752840 255
145 199 752855 255
146 191 752877 255
146 188 752888 255
140 180 752909 255
135 177 752920 255
131 175 752931 255
125 172 752948 255
122 171 752964 255
117 170 752975 255
105 169 752996 255
101 169 753007 255
94 171 753029 255
89 175 753051 255
88 177 753057 255
86 179 753083 255
85 179 753094 255
85 181 753128 255
