29
110 72 1108506 255
108 76 1108551 255
105 81 1108566 255
103 88 1108577 255
97 108 1108599 255
95 124 1108610 255
94 137 1108621 255
96 147 1108632 255
103 159 1108653 255
105 162 1108660 255
113 167 1108686 255
118 168 1108697 255
123 168 1108707 255
128 167 1108718 255
138 161 1108740 255
142 157 1108751 255
148 147 1108768 255
150 141 1108783 255
153 134 1108805 255
153 131 1108827 255
152 134 1108838 255
150 147 1108859 255
146 179 1108877 255
144 202 1108892 255
144 212 1108903 255
144 221 1108925 255
145 227 1108946 255
145 229 1108957 255
146 231 1109009 255
