30
148 106 1078301 255
148 103 1078316 255
147 101 1078327 255
142 99 1078349 255
137 101 1078360 255
132 104 1078371 255
128 108 1078377 255
117 119 1078403 255
103 136 1078414 255
89 168 1078436 255
88 176 1078447 255
88 188 1078457 255
89 198 1078468 255
107 214 1078485 255
114 223 1078501 255
132 226 1078523 255
137 224 1078533 255
144 222 1078544 255
155 214 1078555 255
165 196 1078577 255
159 185 1078594 255
156 178 1078609 255
152 175 1078620 255
144 173 1078631 255
137 173 1078642 255
124 178 1078664 255
114 181 1078674 255
99 197 1078696 255
98 203 1078703 255
101 206 1078741 255
