30
148 112 1508545 255
147 106 1508568 255
144 103 1508584 255
141 101 1508595 255
132 97 1508616 255
129 96 1508627 255
126 95 1508638 255
122 95 1508649 255
107 101 1508671 255
101 106 1508677 255
74 123 1508703 255
63 139 1508714 255
59 146 1508725 255
58 149 1508736 255
57 169 1508757 255
61 175 1508768 255
81 192 1508785 255
97 196 1508801 255
104 197 1508811 255
119 194 1508822 255
134 189 1508844 255
139 184 1508855 255
157 165 1508876 255
165 147 1508894 255
166 139 1508909 255
161 128 1508931 255
158 121 1508942 255
152 110 1508963 255
144 107 1508974 255
137 105 1509009 255
