27
64 89 1545487 255
72 88 1545533 255
81 87 1545548 255
90 87 1545559 255
113 85 1545580 255
122 87 1545591 255
130 88 1545602 255
137 92 1545613 255
149 112 1545635 255
151 125 1545641 255
150 158 1545667 255
148 173 1545678 255
146 187 1545689 255
144 198 1545700 255
142 211 1545721 255
142 214 1545732 255
141 220 1545749 255
141 221 1545798 255
110 161 1545896 255
115 157 1545938 255
116 157 1545944 255
130 156 1545971 255
139 155 1545981 255
157 154 1546003 255
169 154 1546025 255
174 154 1546036 255
178 153 1546071 255
