34
77 147 1537813 255
78 143 1537852 255
79 141 1537863 255
81 135 1537885 255
83 132 1537896 255
94 122 1537917 255
101 114 1537928 255
107 108 1537939 255
114 104 1537945 255
126 100 1537971 255
131 101 1537982 255
138 108 1538004 255
139 115 1538015 255
139 126 1538026 255
134 141 1538036 255
117 177 1538054 255
107 187 1538069 255
92 200 1538091 255
88 204 1538101 255
84 207 1538112 255
80 209 1538123 255
75 211 1538145 255
77 211 1538162 255
81 210 1538177 255
87 209 1538188 255
94 208 1538199 255
102 207 1538210 255
121 205 1538232 255
129 205 1538242 255
146 204 1538264 255
153 204 1538271 255
163 204 1538297 255
167 205 1538318 255
168 207 1538352 255
