29
96 87 1540915 255
92 90 1540952 255
91 92 1540963 255
90 102 1540985 255
89 117 1541002 255
88 126 1541017 255
89 137 1541028 255
91 149 1541039 255
96 159 1541050 255
109 169 1541071 255
114 171 1541082 255
127 170 1541104 255
133 167 1541110 255
139 162 1541126 255
147 154 1541136 255
155 138 1541158 255
156 133 1541169 255
157 127 1541191 255
157 125 1541201 255
156 125 1541219 255
154 134 1541245 255
153 141 1541256 255
151 162 1541277 255
149 178 1541288 255
148 198 1541310 255
148 206 1541327 255
148 209 1541342 255
149 212 1541364 255
149 212 1541398 255
