30
109 76 1514865 255
104 80 1514926 255
103 84 1514936 255
99 98 1514958 255
97 107 1514969 255
93 136 1514991 255
96 157 1515008 255
101 165 1515023 255
109 172 1515045 255
114 173 1515056 255
126 172 1515077 255
132 169 1515088 255
138 165 1515099 255
149 152 1515116 255
153 146 1515132 255
155 141 1515142 255
156 135 1515164 255
156 133 1515175 255
156 132 1515186 255
156 133 1515197 255
155 140 1515218 255
155 147 1515225 255
154 169 1515251 255
153 187 1515262 255
153 204 1515272 255
154 216 1515283 255
154 229 1515305 255
154 232 1515316 255
154 237 1515333 255
154 238 1515371 255
