43
133 150 1083409 255
137 145 1083438 255
142 136 1083455 255
144 130 1083470 255
145 123 1083481 255
147 110 1083503 255
147 104 1083514 255
147 98 1083524 255
146 92 1083535 255
137 85 1083557 255
132 82 1083564 255
122 81 1083590 255
114 83 1083600 255
107 86 1083611 255
102 88 1083622 255
94 102 1083644 255
91 109 1083655 255
89 122 1083672 255
89 131 1083687 255
93 138 1083698 255
99 143 1083709 255
108 147 1083731 255
112 148 1083742 255
125 143 1083763 255
136 133 1083780 255
140 126 1083796 255
143 120 1083807 255
145 113 1083817 255
146 109 1083828 255
147 103 1083850 255
147 101 1083861 255
148 102 1083883 255
148 107 1083889 255
148 113 1083904 255
148 122 1083915 255
148 158 1083937 255
148 174 1083948 255
147 205 1083969 255
144 210 1083980 255
133 220 1083998 255
125 227 1084024 255
121 227 1084034 255
109 224 1084079 255
