26
343 221 1630187 255
322 199 1630213 255
298 178 1630229 255
265 162 1630246 255
224 151 1630262 255
183 147 1630279 255
155 152 1630295 255
145 156 1630312 255
141 161 1630328 255
145 173 1630344 255
180 196 1630361 255
235 220 1630377 255
298 259 1630394 255
334 289 1630410 255
343 315 1630427 255
344 334 1630443 255
326 357 1630459 255
301 367 1630476 255
258 374 1630492 255
226 375 1630509 255
200 369 1630525 255
189 346 1630542 255
188 315 1630558 255
213 266 1630574 255
256 204 1630591 255
295 162 1630630 255
