39
91 127 1596772 255
110 120 1596805 255
131 119 1596821 255
167 116 1596837 255
210 114 1596854 255
240 116 1596870 255
269 121 1596887 255
292 135 1596903 255
309 155 1596920 255
316 195 1596936 255
304 223 1596952 255
288 256 1596969 255
260 273 1596985 255
239 283 1597002 255
215 288 1597018 255
200 284 1597035 255
194 280 1597051 255
191 276 1597067 255
191 275 1597084 255
220 271 1597100 255
260 272 1597117 255
292 276 1597133 255
324 289 1597150 255
341 303 1597166 255
354 321 1597182 255
357 344 1597199 255
350 367 1597215 255
333 398 1597232 255
303 425 1597248 255
262 442 1597265 255
233 450 1597281 255
204 450 1597297 255
181 439 1597314 255
165 430 1597330 255
152 418 1597347 255
144 403 1597363 255
141 385 1597380 255
141 360 1597396 255
141 349 1597423 255
