29
346 129 1800838 255
338 121 1800863 255
319 115 1800879 255
303 111 1800896 255
271 106 1800912 255
240 106 1800929 255
202 108 1800945 255
168 115 1800962 255
151 121 1800978 255
145 135 1800994 255
169 160 1801011 255
203 187 1801027 255
241 214 1801044 255
284 248 1801060 255
305 278 1801077 255
321 309 1801093 255
327 342 1801109 255
310 365 1801126 255
294 379 1801142 255
259 391 1801159 255
228 386 1801175 255
203 373 1801192 255
195 337 1801208 255
211 307 1801224 255
244 260 1801241 255
290 203 1801257 255
337 149 1801274 255
371 100 1801290 255
393 65 1801327 255
