45
158 263 4171565 255
158 263 4171601 255
161 258 4171634 255
164 257 4171650 255
171 256 4171667 255
184 254 4171683 255
202 256 4171700 255
220 253 4171716 255
232 249 4171732 255
241 247 4171749 255
253 247 4171765 255
261 249 4171782 255
267 249 4171798 255
271 249 4171815 255
271 249 4171824 255
271 249 4171847 255
271 249 4171913 255
271 249 4171930 255
271 250 4171946 255
271 251 4171962 255
268 251 4171979 255
267 251 4171995 255
266 252 4172012 255
264 256 4172028 255
261 261 4172045 255
257 269 4172061 255
253 275 4172077 255
246 291 4172094 255
241 306 4172110 255
235 320 4172127 255
226 336 4172143 255
209 355 4172160 255
199 365 4172176 255
190 382 4172192 255
183 399 4172209 255
180 415 4172225 255
178 434 4172242 255
178 442 4172258 255
177 447 4172275 255
176 452 4172291 255
176 454 4172307 255
176 456 4172324 255
173 457 4172340 255
170 455 4172357 255
170 436 4172391 255
