104
313 245 4224328 255
313 245 4224340 255
313 245 4224357 255
313 245 4224405 255
313 245 4224439 255
305 239 4224455 255
299 236 4224472 255
292 234 4224488 255
282 234 4224505 255
269 234 4224521 255
253 232 4224538 255
233 239 4224554 255
219 244 4224570 255
207 248 4224587 255
198 255 4224603 255
192 263 4224620 255
188 271 4224636 255
184 279 4224653 255
182 286 4224669 255
180 291 4224685 255
180 295 4224702 255
180 298 4224718 255
180 302 4224735 255
180 304 4224751 255
184 305 4224768 255
187 308 4224784 255
199 310 4224800 255
220 313 4224817 255
233 317 4224833 255
246 319 4224850 255
264 323 4224866 255
275 330 4224883 255
281 336 4224899 255
285 343 4224915 255
287 353 4224932 255
288 359 4224948 255
288 366 4224965 255
288 373 4224981 255
286 379 4224998 255
284 385 4225014 255
280 393 4225030 255
273 399 4225047 255
268 404 4225063 255
259 408 4225080 255
253 411 4225096 255
249 413 4225113 255
246 415 4225129 255
241 416 4225145 255
237 416 4225162 255
232 416 4225178 255
224 415 4225195 255
216 413 4225211 255
207 413 4225228 255
202 412 4225244 255
198 411 4225260 255
195 409 4225277 255
193 407 4225293 255
191 406 4225310 255
189 405 4225326 255
187 401 4225343 255
185 398 4225359 255
184 396 4225375 255
183 392 4225392 255
183 386 4225408 255
185 382 4225425 255
185 378 4225441 255
186 372 4225458 255
187 367 4225474 255
189 364 4225490 255
190 360 4225507 255
194 357 4225523 255
200 355 4225540 255
208 353 4225556 255
219 350 4225573 255
229 343 4225589 255
235 336 4225605 255
239 331 4225622 255
243 329 4225638 255
249 325 4225655 255
258 323 4225671 255
268 321 4225688 255
276 318 4225704 255
282 315 4225720 255
285 313 4225737 255
288 311 4225753 255
292 308 4225770 255
300 305 4225786 255
308 301 4225803 255
313 298 4225819 255
317 296 4225835 255
320 293 4225852 255
322 288 4225868 255
323 283 4225885 255
323 275 4225901 255
320 270 4225918 255
316 267 4225934 255
312 265 4225950 255
310 263 4225967 255
305 259 4225983 255
301 257 4226000 255
298 254 4226016 255
297 251 4226033 255
296 249 4226049 255
296 247 4226086 255
