67
175 295 4207495 255
175 295 4207513 255
175 290 4207533 255
175 286 4207550 255
177 282 4207566 255
179 277 4207583 255
181 272 4207599 255
182 267 4207616 255
185 261 4207632 255
190 252 4207648 255
197 247 4207665 255
208 243 4207681 255
224 235 4207698 255
235 232 4207714 255
245 232 4207731 255
254 235 4207747 255
261 239 4207763 255
265 243 4207780 255
268 247 4207796 255
269 252 4207813 255
270 266 4207829 255
266 281 4207846 255
260 293 4207862 255
254 303 4207878 255
249 311 4207895 255
246 319 4207911 255
243 327 4207928 255
239 335 4207944 255
233 345 4207961 255
228 352 4207977 255
219 360 4207993 255
210 365 4208010 255
203 372 4208026 255
199 377 4208043 255
196 382 4208059 255
192 391 4208076 255
186 402 4208092 255
180 409 4208108 255
173 415 4208125 255
166 421 4208141 255
161 427 4208158 255
157 429 4208174 255
153 431 4208191 255
151 432 4208207 255
151 435 4208223 255
151 437 4208240 255
149 438 4208256 255
150 439 4208273 255
150 440 4208289 255
153 439 4208306 255
156 435 4208322 255
159 432 4208338 255
164 426 4208355 255
171 422 4208371 255
177 418 4208388 255
195 416 4208404 255
218 415 4208421 255
233 414 4208437 255
247 416 4208453 255
259 418 4208470 255
269 418 4208486 255
275 418 4208503 255
275 416 4208519 255
272 416 4208536 255
270 414 4208552 255
268 413 4208568 255
268 413 4208599 255
