43
153 323 4466638 255
153 322 4466656 255
153 316 4466672 255
155 313 4466689 255
167 303 4466705 255
178 286 4466722 255
185 278 4466738 255
196 271 4466755 255
218 270 4466771 255
232 268 4466787 255
245 270 4466804 255
256 280 4466820 255
260 294 4466837 255
256 306 4466853 255
247 321 4466870 255
235 335 4466886 255
220 347 4466902 255
211 352 4466919 255
204 354 4466935 255
200 354 4466952 255
198 354 4466968 255
197 353 4466985 255
196 351 4467001 255
202 351 4467034 255
214 349 4467050 255
230 346 4467067 255
247 353 4467083 255
266 360 4467100 255
279 370 4467116 255
289 382 4467132 255
294 397 4467149 255
295 411 4467165 255
293 419 4467182 255
289 425 4467198 255
273 438 4467215 255
253 446 4467231 255
224 457 4467247 255
205 462 4467264 255
193 464 4467280 255
187 464 4467297 255
183 462 4467313 255
181 456 4467330 255
181 447 4467370 255
