84
329 236 4177771 255
329 236 4177828 255
329 235 4177893 255
323 228 4177910 255
315 223 4177926 255
305 218 4177943 255
286 214 4177959 255
263 209 4177976 255
249 207 4177992 255
241 209 4178008 255
226 209 4178025 255
210 211 4178041 255
200 218 4178058 255
192 226 4178074 255
188 233 4178091 255
186 241 4178107 255
185 247 4178123 255
183 253 4178140 255
182 260 4178156 255
180 269 4178173 255
180 276 4178189 255
180 281 4178206 255
180 286 4178222 255
180 290 4178238 255
184 292 4178255 255
187 299 4178271 255
192 305 4178288 255
210 311 4178304 255
222 315 4178321 255
231 316 4178337 255
248 314 4178353 255
268 312 4178370 255
278 306 4178386 255
285 303 4178403 255
291 298 4178419 255
295 292 4178436 255
298 288 4178452 255
300 282 4178468 255
301 280 4178485 255
303 271 4178501 255
303 267 4178518 255
303 261 4178534 255
303 254 4178551 255
303 249 4178567 255
303 244 4178583 255
301 240 4178600 255
300 238 4178616 255
298 237 4178633 255
298 238 4178649 255
298 238 4178666 255
296 238 4178681 255
295 241 4178698 255
294 244 4178715 255
294 250 4178731 255
294 259 4178748 255
293 269 4178764 255
293 276 4178781 255
293 292 4178797 255
293 310 4178813 255
292 326 4178830 255
289 351 4178846 255
287 375 4178863 255
286 392 4178879 255
278 406 4178896 255
273 421 4178912 255
269 427 4178928 255
264 438 4178945 255
261 441 4178961 255
258 444 4178977 255
256 447 4178994 255
253 450 4179011 255
252 452 4179027 255
250 454 4179043 255
248 456 4179060 255
246 461 4179076 255
245 463 4179093 255
243 465 4179109 255
241 466 4179126 255
240 467 4179142 255
238 468 4179158 255
237 468 4179175 255
236 467 4179191 255
236 464 4179208 255
236 454 4179249 255
