80
351 223 4215867 255
351 223 4215890 255
342 223 4215962 255
334 223 4215978 255
322 226 4215994 255
311 224 4216011 255
300 221 4216027 255
287 224 4216044 255
267 227 4216060 255
254 225 4216077 255
243 225 4216093 255
236 226 4216109 255
230 229 4216126 255
227 231 4216142 255
224 232 4216159 255
223 232 4216175 255
223 232 4216192 255
222 232 4216208 255
221 233 4216224 255
220 234 4216241 255
220 234 4216257 255
219 237 4216274 255
218 239 4216290 255
217 242 4216307 255
216 244 4216323 255
216 247 4216339 255
215 249 4216356 255
214 255 4216372 255
213 269 4216389 255
212 289 4216405 255
211 300 4216422 255
211 306 4216438 255
209 311 4216454 255
208 316 4216471 255
208 318 4216487 255
207 319 4216501 255
207 317 4216537 255
207 316 4216553 255
207 312 4216569 255
212 308 4216586 255
215 304 4216602 255
219 302 4216619 255
223 300 4216635 255
228 297 4216652 255
239 294 4216668 255
267 292 4216684 255
280 291 4216701 255
293 294 4216717 255
306 298 4216734 255
312 301 4216750 255
314 304 4216767 255
316 309 4216783 255
318 315 4216799 255
320 327 4216816 255
322 336 4216832 255
323 349 4216849 255
323 358 4216865 255
324 371 4216882 255
319 387 4216898 255
316 396 4216914 255
308 403 4216931 255
303 410 4216947 255
299 414 4216964 255
294 418 4216980 255
289 422 4216997 255
277 430 4217013 255
261 432 4217029 255
250 432 4217046 255
243 432 4217062 255
236 432 4217079 255
231 432 4217095 255
226 432 4217112 255
221 433 4217128 255
216 434 4217144 255
209 431 4217161 255
203 428 4217177 255
200 427 4217194 255
198 425 4217210 255
200 422 4217227 255
202 421 4217250 255
