87
257 227 4212807 255
257 227 4212824 255
246 235 4212856 255
235 249 4212873 255
217 263 4212889 255
202 275 4212906 255
193 286 4212922 255
185 297 4212939 255
180 305 4212955 255
175 311 4212971 255
172 314 4212988 255
167 316 4213004 255
159 323 4213021 255
154 328 4213037 255
150 332 4213054 255
148 335 4213070 255
145 338 4213086 255
145 341 4213103 255
145 342 4213119 255
149 343 4213136 255
154 345 4213152 255
160 345 4213169 255
167 342 4213185 255
173 341 4213201 255
177 338 4213218 255
181 333 4213234 255
187 327 4213251 255
206 330 4213267 255
221 332 4213284 255
230 329 4213300 255
236 328 4213316 255
240 327 4213333 255
244 327 4213349 255
245 327 4213366 255
246 327 4213382 255
246 327 4213399 255
246 329 4213425 255
243 330 4213464 255
242 331 4213479 255
242 329 4213497 255
241 328 4213514 255
240 327 4213530 255
240 325 4213546 255
240 319 4213563 255
240 314 4213579 255
240 307 4213596 255
240 302 4213612 255
239 298 4213629 255
239 297 4213645 255
239 296 4213655 255
239 298 4213694 255
239 299 4213711 255
239 302 4213727 255
239 306 4213744 255
239 312 4213760 255
239 317 4213777 255
239 322 4213793 255
239 329 4213809 255
239 333 4213826 255
239 335 4213842 255
239 337 4213859 255
239 340 4213875 255
239 344 4213892 255
239 351 4213908 255
239 357 4213924 255
239 364 4213941 255
239 369 4213957 255
239 376 4213974 255
239 389 4213990 255
239 401 4214007 255
239 415 4214023 255
239 422 4214039 255
239 429 4214056 255
239 433 4214072 255
239 437 4214089 255
239 441 4214105 255
239 446 4214122 255
239 448 4214138 255
239 450 4214154 255
239 452 4214171 255
239 453 4214187 255
239 455 4214204 255
239 455 4214216 255
239 456 4214237 255
239 456 4214243 255
239 453 4214269 255
239 444 4214308 255
