58
345 212 4474363 255
343 207 4474394 255
340 206 4474410 255
338 207 4474427 255
332 210 4474443 255
321 214 4474460 255
307 219 4474476 255
289 228 4474493 255
267 240 4474509 255
252 248 4474525 255
237 259 4474542 255
224 273 4474558 255
208 287 4474575 255
201 297 4474591 255
193 309 4474608 255
188 321 4474624 255
184 341 4474640 255
183 355 4474657 255
183 366 4474673 255
185 377 4474690 255
189 395 4474706 255
194 410 4474723 255
206 423 4474739 255
223 428 4474756 255
238 431 4474772 255
261 432 4474788 255
279 429 4474805 255
297 423 4474821 255
319 417 4474838 255
331 410 4474854 255
338 403 4474871 255
343 394 4474887 255
345 387 4474903 255
345 380 4474920 255
345 375 4474936 255
341 369 4474953 255
336 365 4474969 255
319 363 4474986 255
302 359 4475002 255
283 360 4475018 255
266 362 4475035 255
256 363 4475051 255
247 366 4475068 255
240 368 4475084 255
232 376 4475101 255
225 383 4475117 255
220 388 4475133 255
217 391 4475150 255
214 397 4475166 255
212 404 4475183 255
209 410 4475199 255
206 415 4475216 255
202 419 4475232 255
201 425 4475248 255
200 428 4475265 255
200 429 4475281 255
200 430 4475298 255
200 430 4475336 255
