61
340 208 4515727 255
354 209 4515761 255
358 210 4515777 255
360 211 4515794 255
355 212 4515810 255
349 213 4515827 255
336 215 4515843 255
315 218 4515859 255
290 220 4515876 255
260 221 4515892 255
242 222 4515909 255
223 224 4515925 255
208 223 4515942 255
200 222 4515958 255
194 222 4515974 255
192 222 4515991 255
190 222 4516007 255
190 222 4516013 255
190 224 4516040 255
190 225 4516057 255
190 227 4516073 255
190 234 4516089 255
190 244 4516106 255
188 257 4516122 255
187 267 4516139 255
182 282 4516155 255
181 294 4516172 255
180 305 4516188 255
180 311 4516204 255
180 316 4516221 255
183 319 4516237 255
183 320 4516254 255
186 321 4516270 255
205 320 4516287 255
231 318 4516303 255
261 312 4516319 255
281 313 4516336 255
298 316 4516352 255
315 320 4516369 255
325 327 4516385 255
332 336 4516402 255
335 350 4516418 255
335 364 4516434 255
334 377 4516451 255
325 398 4516467 255
317 412 4516484 255
306 425 4516500 255
296 438 4516517 255
281 453 4516533 255
260 460 4516549 255
247 462 4516566 255
233 463 4516582 255
212 462 4516599 255
199 451 4516615 255
190 442 4516632 255
184 436 4516648 255
173 429 4516664 255
165 424 4516681 255
157 419 4516697 255
155 415 4516714 255
154 409 4516744 255
