39
154 101 1944349 255
153 97 1944375 255
153 95 1944386 255
152 86 1944407 255
152 81 1944418 255
149 73 1944435 255
143 71 1944451 255
137 69 1944462 255
132 67 1944472 255
118 68 1944494 255
110 70 1944505 255
98 81 1944527 255
91 92 1944544 255
88 103 1944559 255
86 114 1944581 255
87 121 1944592 255
95 135 1944613 255
102 140 1944624 255
106 141 1944635 255
110 140 1944646 255
114 137 1944652 255
122 134 1944668 255
128 131 1944678 255
136 123 1944700 255
139 119 1944711 255
141 116 1944722 255
143 114 1944732 255
144 113 1944754 255
145 115 1944761 255
146 120 1944787 255
146 124 1944798 255
146 132 1944808 255
146 138 1944819 255
147 155 1944841 255
147 165 1944852 255
147 193 1944869 255
147 201 1944884 255
148 205 1944895 255
148 209 1944929 255
