31
108 85 1847363 255
111 88 1847402 255
112 90 1847413 255
112 92 1847430 255
111 96 1847446 255
106 106 1847468 255
104 111 1847478 255
102 116 1847489 255
99 123 1847500 255
96 136 1847522 255
97 145 1847539 255
100 148 1847554 255
104 150 1847565 255
109 155 1847587 255
114 161 1847608 255
119 163 1847619 255
131 163 1847641 255
136 162 1847647 255
141 161 1847685 255
137 136 1847772 255
142 139 1847836 255
143 143 1847842 255
144 152 1847868 255
144 160 1847879 255
145 175 1847901 255
145 187 1847912 255
145 196 1847923 255
146 203 1847933 255
146 212 1847951 255
146 215 1847966 255
146 219 1848000 255
