48
164 92 1958777 255
159 92 1958811 255
157 92 1958827 255
156 92 1958838 255
154 91 1958859 255
152 91 1958870 255
150 91 1958881 255
143 90 1958892 255
132 88 1958913 255
126 87 1958920 255
111 86 1958946 255
106 85 1958957 255
101 84 1958968 255
98 86 1958978 255
93 88 1959000 255
91 88 1959011 255
89 90 1959028 255
88 92 1959043 255
87 93 1959054 255
87 97 1959065 255
85 108 1959087 255
85 112 1959098 255
84 120 1959119 255
82 129 1959136 255
81 132 1959152 255
81 136 1959173 255
81 138 1959184 255
82 139 1959206 255
83 137 1959217 255
88 137 1959228 255
102 133 1959245 255
113 134 1959260 255
122 133 1959271 255
143 141 1959293 255
156 146 1959303 255
164 150 1959314 255
169 157 1959325 255
166 175 1959347 255
159 186 1959353 255
133 210 1959379 255
115 213 1959390 255
104 215 1959401 255
97 215 1959412 255
77 212 1959433 255
70 208 1959444 255
62 200 1959461 255
60 197 1959477 255
59 194 1959510 255
