32
118 104 1854538 255
118 101 1854554 255
117 99 1854561 255
110 96 1854587 255
105 95 1854598 255
101 94 1854608 255
97 93 1854619 255
90 93 1854641 255
85 94 1854652 255
77 103 1854669 255
76 108 1854684 255
77 113 1854695 255
79 119 1854706 255
87 140 1854728 255
103 160 1854738 255
115 182 1854760 255
120 203 1854777 255
121 208 1854793 255
121 221 1854814 255
120 226 1854825 255
119 234 1854847 255
118 234 1854858 255
116 233 1854868 255
113 231 1854879 255
104 225 1854901 255
100 220 1854912 255
102 203 1854933 255
109 185 1854944 255
116 160 1854966 255
121 136 1854988 255
122 132 1854994 255
124 126 1855043 255
