31
153 90 1940208 255
146 91 1940254 255
140 91 1940269 255
135 92 1940280 255
126 93 1940302 255
118 96 1940312 255
111 99 1940323 255
104 105 1940334 255
92 117 1940356 255
84 125 1940362 255
68 146 1940388 255
66 154 1940399 255
65 162 1940410 255
69 171 1940421 255
79 193 1940442 255
83 200 1940453 255
98 208 1940470 255
104 209 1940486 255
109 208 1940497 255
117 205 1940507 255
135 194 1940529 255
139 190 1940540 255
145 170 1940562 255
139 163 1940579 255
134 161 1940594 255
120 158 1940616 255
112 157 1940627 255
100 161 1940648 255
96 163 1940659 255
91 170 1940681 255
88 177 1940725 255
