39
125 48 1811647 255
121 52 1811729 255
120 55 1811740 255
119 59 1811761 255
118 68 1811778 255
116 74 1811794 255
114 79 1811805 255
109 83 1811815 255
104 90 1811826 255
96 110 1811848 255
95 113 1811859 255
98 122 1811880 255
102 127 1811887 255
109 138 1811913 255
114 144 1811935 255
117 145 1811945 255
127 144 1811967 255
132 142 1811978 255
135 139 1811989 255
139 136 1811995 255
143 131 1812021 255
144 130 1812032 255
145 126 1812054 255
145 123 1812065 255
145 121 1812076 255
145 119 1812086 255
145 120 1812104 255
145 121 1812119 255
145 123 1812141 255
145 128 1812151 255
145 134 1812162 255
145 140 1812173 255
145 156 1812195 255
145 170 1812212 255
145 178 1812227 255
146 186 1812238 255
146 199 1812260 255
146 203 1812271 255
147 206 1812304 255
