33
184 104 1817998 255
182 99 1818025 255
182 98 1818035 255
181 96 1818057 255
180 95 1818068 255
170 89 1818085 255
165 87 1818100 255
157 86 1818111 255
148 87 1818122 255
134 89 1818144 255
128 91 1818155 255
115 107 1818176 255
114 132 1818193 255
117 145 1818209 255
137 183 1818230 255
144 201 1818241 255
149 213 1818263 255
149 221 1818274 255
150 227 1818285 255
149 234 1818302 255
143 237 1818317 255
137 239 1818328 255
122 236 1818350 255
111 230 1818360 255
103 224 1818371 255
96 207 1818382 255
110 168 1818404 255
115 160 1818410 255
137 135 1818436 255
142 130 1818447 255
144 128 1818458 255
148 126 1818469 255
154 123 1818502 255
