38
108 105 1954704 255
110 101 1954721 255
111 99 1954727 255
113 96 1954753 255
114 92 1954764 255
115 86 1954786 255
117 77 1954808 255
119 74 1954818 255
128 72 1954836 255
133 73 1954851 255
139 76 1954873 255
143 84 1954894 255
143 89 1954905 255
138 103 1954927 255
116 143 1954944 255
99 151 1954959 255
89 158 1954981 255
81 161 1954992 255
71 164 1955013 255
68 164 1955024 255
64 162 1955046 255
65 159 1955068 255
69 159 1955078 255
76 160 1955100 255
79 163 1955111 255
89 173 1955133 255
97 181 1955143 255
107 197 1955154 255
112 205 1955161 255
119 211 1955187 255
124 212 1955198 255
134 213 1955219 255
138 210 1955230 255
141 205 1955241 255
144 200 1955252 255
155 184 1955269 255
163 173 1955284 255
168 167 1955318 255
