47
82 200 41095092 255
84 204 41095128 255
85 208 41095144 255
86 210 41095152 255
92 213 41095180 255
102 213 41095196 255
109 213 41095208 255
115 213 41095220 255
125 209 41095232 255
135 205 41095248 255
141 198 41095260 255
145 194 41095272 255
148 188 41095300 255
148 186 41095312 255
144 184 41095328 255
126 173 41095352 255
117 166 41095364 255
105 161 41095376 255
97 156 41095392 255
91 146 41095404 255
88 137 41095416 255
84 127 41095432 255
83 115 41095444 255
83 99 41095472 255
84 89 41095484 255
85 80 41095496 255
91 70 41095524 255
97 68 41095524 255
106 64 41095536 255
120 62 41095560 255
130 63 41095576 255
138 64 41095592 255
142 68 41095604 255
144 83 41095628 255
139 90 41095640 255
129 105 41095656 255
123 116 41095668 255
98 147 41095696 255
93 152 41095708 255
89 163 41095720 255
83 179 41095744 255
79 186 41095760 255
78 193 41095772 255
81 205 41095800 255
82 208 41095800 255
84 211 41095812 255
88 213 41095852 255
