34
172 74 41061144 255
163 70 41061160 255
157 70 41061172 255
152 73 41061188 255
135 79 41061212 255
130 82 41061212 255
123 86 41061224 255
110 91 41061240 255
99 98 41061252 255
91 110 41061264 255
80 121 41061280 255
67 139 41061288 255
63 148 41061304 255
60 171 41061332 255
64 180 41061344 255
70 189 41061356 255
77 201 41061368 255
88 212 41061400 255
99 215 41061408 255
107 217 41061424 255
113 218 41061436 255
129 216 41061464 255
136 211 41061476 255
141 201 41061488 255
144 194 41061500 255
146 180 41061528 255
146 171 41061540 255
136 161 41061568 255
129 158 41061584 255
122 156 41061596 255
99 156 41061620 255
92 157 41061632 255
88 158 41061648 255
87 160 41061684 255
