26
57 84 41540328 255
66 86 41540400 255
73 88 41540408 255
92 92 41540432 255
103 93 41540440 255
125 93 41540464 255
138 92 41540472 255
149 90 41540488 255
155 89 41540508 255
160 88 41540520 255
164 90 41540540 255
162 93 41540552 255
155 104 41540572 255
147 116 41540580 255
128 145 41540592 255
120 157 41540604 255
111 177 41540628 255
107 185 41540640 255
100 200 41540660 255
98 207 41540672 255
96 216 41540688 255
94 224 41540712 255
94 227 41540724 255
93 231 41540744 255
93 231 41540768 255
91 234 41540804 255
