36
96 114 41047420 255
90 118 41047448 255
89 119 41047452 255
84 126 41047480 255
82 130 41047488 255
73 141 41047512 255
64 159 41047536 255
60 172 41047552 255
59 179 41047568 255
59 190 41047588 255
62 196 41047612 255
71 205 41047628 255
74 207 41047628 255
80 211 41047648 255
82 213 41047656 255
93 214 41047672 255
104 214 41047688 255
114 210 41047704 255
131 199 41047720 255
141 191 41047740 255
160 172 41047756 255
168 159 41047776 255
172 146 41047792 255
174 135 41047808 255
173 126 41047824 255
169 112 41047844 255
163 103 41047860 255
155 96 41047876 255
145 90 41047892 255
134 88 41047912 255
123 90 41047928 255
111 95 41047944 255
100 100 41047960 255
94 107 41047976 255
91 109 41047992 255
90 112 41048028 255
