30
168 386 4360520 255
179 374 4360585 255
191 345 4360602 255
197 327 4360618 255
206 308 4360635 255
213 291 4360651 255
222 278 4360667 255
231 248 4360684 255
234 230 4360700 255
237 217 4360717 255
240 208 4360733 255
241 203 4360750 255
241 200 4360766 255
241 199 4360780 255
241 203 4360799 255
241 211 4360815 255
242 220 4360832 255
243 243 4360848 255
244 268 4360865 255
245 302 4360881 255
245 333 4360897 255
245 362 4360914 255
245 387 4360930 255
245 411 4360947 255
245 427 4360963 255
246 447 4360980 255
247 468 4360996 255
248 481 4361012 255
249 491 4361029 255
249 501 4361061 255
