27
150 384 4398294 255
150 384 4398311 255
156 377 4398361 255
167 362 4398377 255
178 344 4398393 255
186 325 4398410 255
194 297 4398426 255
203 275 4398443 255
215 255 4398459 255
227 232 4398476 255
234 210 4398492 255
240 191 4398508 255
241 183 4398525 255
242 181 4398541 255
243 183 4398558 255
243 192 4398574 255
243 209 4398591 255
244 237 4398607 255
244 271 4398623 255
244 311 4398640 255
244 350 4398656 255
244 381 4398673 255
244 406 4398689 255
241 419 4398706 255
241 428 4398722 255
241 435 4398738 255
241 438 4398776 255
