36
300 277 4588371 255
291 270 4588436 255
275 267 4588452 255
255 264 4588468 255
237 262 4588485 255
215 265 4588501 255
198 271 4588518 255
185 278 4588534 255
172 288 4588551 255
169 295 4588567 255
168 306 4588583 255
184 322 4588600 255
217 347 4588616 255
242 367 4588633 255
274 391 4588649 255
288 407 4588666 255
294 421 4588682 255
295 429 4588698 255
295 440 4588715 255
284 451 4588731 255
263 467 4588748 255
254 469 4588764 255
245 467 4588781 255
234 459 4588797 255
226 446 4588813 255
224 430 4588830 255
234 395 4588846 255
245 368 4588863 255
264 343 4588879 255
280 320 4588896 255
290 301 4588912 255
294 286 4588928 255
297 279 4588945 255
299 274 4588961 255
300 271 4588978 255
300 271 4589018 255
