37
180 238 4601855 255
170 247 4601887 255
164 254 4601904 255
158 266 4601920 255
154 279 4601937 255
153 295 4601953 255
151 321 4601969 255
151 350 4601986 255
150 372 4602002 255
154 394 4602019 255
160 418 4602035 255
170 439 4602052 255
181 460 4602068 255
188 470 4602085 255
200 478 4602101 255
216 483 4602117 255
228 483 4602134 255
239 473 4602150 255
252 463 4602167 255
265 451 4602183 255
279 436 4602200 255
286 412 4602216 255
289 388 4602232 255
291 348 4602249 255
292 315 4602265 255
293 287 4602282 255
293 273 4602298 255
285 255 4602315 255
275 240 4602331 255
259 229 4602347 255
248 222 4602364 255
241 218 4602380 255
231 217 4602397 255
224 217 4602413 255
216 221 4602430 255
208 230 4602446 255
200 244 4602489 255
