32
187 223 4409944 255
211 219 4410042 255
227 217 4410058 255
235 216 4410075 255
244 216 4410091 255
255 218 4410107 255
267 219 4410124 255
275 222 4410140 255
281 227 4410157 255
283 237 4410173 255
283 248 4410190 255
278 267 4410206 255
267 292 4410222 255
254 320 4410239 255
242 363 4410255 255
236 386 4410272 255
230 413 4410288 255
223 438 4410305 255
219 453 4410321 255
214 472 4410337 255
212 481 4410354 255
210 486 4410370 255
209 488 4410387 255
210 488 4410428 255
191 370 4410610 255
206 363 4410666 255
226 361 4410682 255
249 357 4410699 255
271 355 4410715 255
284 354 4410732 255
297 353 4410748 255
306 352 4410790 255
