34
147 81 853130 255
147 78 853158 255
146 78 853169 255
143 79 853191 255
139 80 853202 255
131 84 853223 255
127 87 853230 255
121 90 853245 255
114 96 853256 255
96 114 853278 255
88 129 853288 255
77 147 853310 255
74 155 853321 255
74 171 853338 255
78 183 853364 255
81 191 853375 255
94 205 853397 255
101 208 853408 255
112 212 853429 255
126 212 853447 255
132 210 853462 255
139 202 853484 255
142 198 853495 255
144 191 853516 255
143 186 853527 255
138 180 853538 255
127 167 853555 255
119 164 853571 255
110 161 853581 255
99 158 853603 255
91 158 853625 255
89 158 853636 255
86 159 853657 255
85 163 853691 255
