48
144 141 829458 255
144 138 829488 255
144 136 829499 255
144 132 829520 255
143 131 829531 255
138 129 829553 255
131 127 829575 255
128 126 829585 255
122 125 829607 255
120 124 829618 255
114 124 829640 255
110 124 829650 255
107 124 829661 255
104 124 829668 255
99 127 829694 255
98 131 829705 255
95 141 829726 255
94 146 829737 255
93 153 829748 255
93 160 829759 255
92 171 829776 255
92 175 829791 255
93 180 829813 255
94 182 829824 255
98 183 829835 255
101 183 829846 255
107 183 829867 255
116 181 829885 255
123 180 829900 255
129 179 829911 255
134 179 829922 255
139 180 829932 255
148 182 829954 255
153 183 829965 255
160 186 829987 255
163 189 829993 255
166 198 830019 255
162 206 830041 255
160 209 830052 255
154 216 830074 255
148 219 830084 255
134 224 830102 255
116 224 830128 255
108 223 830139 255
94 220 830160 255
89 219 830171 255
82 217 830193 255
82 215 830228 255
