41
144 119 400938 255
139 118 400987 255
135 116 400998 255
127 110 401020 255
124 106 401031 255
115 102 401053 255
110 100 401059 255
105 98 401074 255
102 97 401085 255
96 96 401107 255
95 96 401118 255
94 101 401139 255
93 105 401150 255
95 115 401167 255
99 129 401194 255
101 135 401204 255
104 144 401226 255
106 147 401237 255
108 150 401259 255
110 152 401276 255
111 153 401291 255
113 153 401313 255
114 152 401324 255
119 152 401346 255
124 152 401356 255
133 152 401378 255
137 153 401384 255
142 154 401400 255
146 155 401411 255
154 163 401432 255
158 172 401454 255
157 177 401465 255
152 190 401487 255
143 200 401493 255
127 211 401519 255
119 213 401530 255
106 214 401552 255
95 213 401573 255
91 211 401584 255
86 204 401601 255
85 200 401640 255
