38
167 135 431562 255
164 132 431601 255
162 131 431612 255
158 128 431634 255
155 127 431644 255
149 126 431666 255
143 125 431672 255
132 125 431699 255
122 125 431720 255
117 126 431731 255
108 133 431753 255
106 137 431764 255
105 144 431781 255
109 150 431807 255
111 153 431818 255
115 157 431840 255
118 158 431851 255
123 159 431861 255
128 158 431872 255
136 157 431889 255
139 156 431905 255
144 152 431927 255
145 150 431937 255
147 143 431959 255
149 139 431981 255
149 138 431998 255
150 140 432013 255
150 142 432024 255
150 147 432046 255
150 151 432057 255
150 158 432068 255
149 165 432078 255
149 186 432100 255
148 198 432106 255
148 224 432133 255
148 230 432144 255
148 238 432176 255
149 240 432205 255
