33
148 115 427140 255
148 112 427185 255
147 111 427195 255
142 110 427217 255
137 112 427228 255
129 116 427245 255
124 118 427261 255
117 122 427271 255
110 129 427282 255
94 148 427304 255
87 163 427315 255
83 177 427337 255
84 193 427354 255
87 205 427380 255
90 209 427391 255
104 223 427412 255
112 230 427434 255
116 231 427445 255
126 228 427462 255
130 225 427478 255
137 221 427499 255
140 209 427521 255
140 204 427532 255
135 194 427554 255
128 187 427571 255
124 184 427586 255
114 178 427608 255
109 176 427619 255
99 176 427640 255
96 176 427651 255
92 178 427673 255
90 179 427695 255
89 180 427728 255
