32
198 318 1748821 255
193 333 1748871 255
187 358 1748887 255
184 373 1748904 255
182 394 1748920 255
182 409 1748937 255
182 417 1748953 255
186 423 1748969 255
191 426 1748986 255
201 428 1749002 255
214 429 1749019 255
224 426 1749035 255
231 426 1749052 255
235 426 1749068 255
238 426 1749084 255
241 428 1749101 255
242 429 1749117 255
242 430 1749134 255
242 430 1749146 255
242 431 1749183 255
242 432 1749218 255
248 391 1749319 255
248 398 1749364 255
245 403 1749380 255
245 410 1749397 255
245 417 1749413 255
245 431 1749429 255
245 451 1749446 255
245 467 1749462 255
245 477 1749479 255
245 483 1749495 255
245 484 1749530 255
