27
175 438 1775777 255
177 431 1775829 255
185 411 1775845 255
193 390 1775862 255
203 370 1775878 255
212 349 1775895 255
216 337 1775911 255
218 329 1775928 255
221 323 1775944 255
225 315 1775961 255
226 309 1775977 255
227 310 1775993 255
228 317 1776010 255
228 324 1776026 255
228 334 1776043 255
228 362 1776059 255
224 383 1776076 255
219 407 1776092 255
219 420 1776108 255
221 430 1776125 255
223 436 1776141 255
223 441 1776158 255
223 446 1776174 255
223 451 1776191 255
223 453 1776207 255
224 458 1776223 255
225 460 1776248 255
