48
177 279 1488338 255
177 279 1488383 255
184 273 1488400 255
196 273 1488416 255
215 272 1488433 255
228 272 1488449 255
238 276 1488466 255
245 280 1488482 255
250 289 1488498 255
252 298 1488515 255
252 307 1488531 255
250 313 1488548 255
247 318 1488564 255
242 326 1488581 255
236 332 1488597 255
228 337 1488613 255
218 339 1488630 255
212 339 1488646 255
210 337 1488663 255
209 336 1488679 255
209 334 1488696 255
213 331 1488712 255
218 330 1488728 255
226 329 1488745 255
241 333 1488761 255
260 340 1488778 255
272 346 1488794 255
282 355 1488811 255
286 365 1488827 255
288 372 1488843 255
289 377 1488860 255
289 384 1488876 255
287 392 1488893 255
282 406 1488909 255
272 413 1488926 255
261 419 1488942 255
255 421 1488958 255
248 421 1488975 255
239 421 1488991 255
226 419 1489008 255
207 410 1489024 255
198 405 1489041 255
193 401 1489057 255
188 397 1489073 255
185 393 1489090 255
184 389 1489106 255
183 388 1489123 255
183 387 1489146 255
