52
276 286 1500765 255
273 280 1500804 255
266 277 1500820 255
257 274 1500837 255
250 270 1500853 255
243 268 1500870 255
237 266 1500886 255
225 268 1500902 255
213 271 1500919 255
205 274 1500935 255
199 282 1500952 255
194 288 1500968 255
192 294 1500985 255
191 302 1501001 255
191 308 1501017 255
191 316 1501034 255
191 322 1501050 255
191 328 1501067 255
196 332 1501083 255
206 334 1501100 255
218 333 1501116 255
227 331 1501132 255
233 330 1501149 255
239 328 1501165 255
243 326 1501182 255
245 323 1501198 255
246 319 1501215 255
246 314 1501231 255
247 309 1501247 255
249 305 1501264 255
251 303 1501280 255
256 300 1501297 255
259 300 1501313 255
261 300 1501330 255
263 302 1501346 255
263 304 1501362 255
264 306 1501379 255
264 309 1501395 255
264 314 1501412 255
260 320 1501428 255
258 326 1501445 255
256 340 1501461 255
254 354 1501477 255
253 366 1501494 255
253 376 1501510 255
253 387 1501527 255
253 396 1501543 255
253 408 1501560 255
253 414 1501576 255
256 418 1501592 255
258 420 1501609 255
260 420 1501638 255
