35
125 352 1786693 255
136 356 1786771 255
150 358 1786787 255
169 362 1786804 255
181 365 1786820 255
192 368 1786837 255
201 372 1786853 255
210 375 1786869 255
215 377 1786886 255
218 380 1786902 255
220 386 1786919 255
220 392 1786935 255
220 398 1786952 255
216 410 1786968 255
215 421 1786984 255
215 430 1787001 255
215 438 1787017 255
215 447 1787034 255
215 453 1787050 255
215 457 1787067 255
215 459 1787083 255
215 461 1787099 255
215 461 1787116 255
215 465 1787132 255
215 467 1787149 255
215 468 1787165 255
215 468 1787188 255
182 438 1787346 255
209 435 1787395 255
229 433 1787412 255
247 432 1787428 255
260 431 1787444 255
268 430 1787461 255
271 430 1787477 255
273 432 1787511 255
