47
160 323 1782403 255
160 323 1782417 255
172 321 1782434 255
189 321 1782450 255
215 321 1782466 255
236 322 1782483 255
248 322 1782499 255
255 323 1782516 255
257 324 1782532 255
259 325 1782549 255
259 325 1782573 255
150 352 1782721 255
150 360 1782762 255
150 366 1782779 255
147 372 1782795 255
147 379 1782811 255
146 384 1782828 255
146 387 1782844 255
146 389 1782861 255
146 389 1782871 255
148 389 1782894 255
152 385 1782910 255
162 382 1782926 255
172 379 1782943 255
183 379 1782959 255
193 379 1782976 255
208 381 1782992 255
222 383 1783009 255
230 385 1783025 255
245 389 1783041 255
255 398 1783058 255
260 407 1783074 255
262 417 1783091 255
263 423 1783107 255
263 428 1783124 255
260 436 1783140 255
255 447 1783156 255
250 453 1783173 255
245 460 1783189 255
238 467 1783206 255
225 472 1783222 255
210 473 1783239 255
198 474 1783255 255
189 474 1783271 255
183 472 1783288 255
180 471 1783304 255
179 470 1783334 255
