34
153 275 1486698 255
168 269 1486741 255
178 267 1486757 255
194 266 1486773 255
214 266 1486790 255
227 268 1486806 255
237 272 1486823 255
243 278 1486839 255
246 287 1486856 255
246 298 1486872 255
246 311 1486888 255
238 335 1486905 255
227 362 1486921 255
215 375 1486938 255
205 383 1486954 255
199 393 1486971 255
197 398 1486987 255
196 401 1487003 255
196 401 1487020 255
196 402 1487029 255
201 402 1487053 255
207 398 1487069 255
215 396 1487086 255
224 393 1487102 255
231 391 1487118 255
238 391 1487135 255
244 394 1487151 255
248 396 1487168 255
252 398 1487184 255
256 398 1487201 255
258 398 1487217 255
261 398 1487233 255
263 399 1487250 255
268 400 1487284 255
