43
215 298 1742047 255
209 303 1742069 255
201 314 1742086 255
193 332 1742102 255
185 352 1742118 255
180 369 1742135 255
177 385 1742151 255
176 402 1742168 255
176 412 1742184 255
179 419 1742201 255
183 424 1742217 255
188 427 1742233 255
196 429 1742250 255
208 429 1742266 255
219 425 1742283 255
229 422 1742299 255
241 420 1742316 255
254 416 1742332 255
270 403 1742348 255
284 393 1742365 255
297 382 1742381 255
309 373 1742398 255
317 358 1742414 255
318 351 1742431 255
318 343 1742447 255
316 336 1742464 255
308 329 1742480 255
303 323 1742496 255
297 318 1742513 255
294 314 1742529 255
290 311 1742546 255
285 308 1742562 255
278 305 1742579 255
267 301 1742595 255
258 299 1742611 255
251 298 1742628 255
245 298 1742644 255
238 300 1742661 255
231 301 1742677 255
226 301 1742694 255
222 302 1742710 255
220 303 1742726 255
224 309 1742763 255
