36
191 272 1490621 255
191 289 1490683 255
191 311 1490700 255
190 337 1490716 255
186 361 1490733 255
186 375 1490749 255
185 387 1490766 255
185 394 1490782 255
188 400 1490799 255
192 402 1490815 255
201 403 1490831 255
217 404 1490848 255
229 404 1490864 255
237 404 1490881 255
243 406 1490897 255
247 409 1490914 255
250 410 1490930 255
251 410 1490946 255
251 411 1490963 255
251 412 1490979 255
251 414 1491045 255
253 339 1491157 255
251 343 1491193 255
250 347 1491209 255
250 354 1491226 255
249 363 1491242 255
249 372 1491259 255
249 392 1491275 255
249 409 1491291 255
249 423 1491308 255
249 434 1491324 255
249 441 1491341 255
249 448 1491357 255
249 451 1491374 255
250 452 1491390 255
254 452 1491418 255
