28
99 52 4694607 255
107 50 4694634 255
110 50 4694645 255
125 51 4694666 255
143 54 4694684 255
152 56 4694699 255
159 58 4694733 255
93 50 4694852 255
91 55 4694894 255
91 60 4694905 255
92 68 4694927 255
93 75 4694938 255
96 86 4694959 255
102 93 4694981 255
105 95 4694988 255
109 96 4695003 255
117 97 4695014 255
133 100 4695035 255
141 102 4695046 255
155 118 4695068 255
155 123 4695079 255
149 148 4695096 255
126 177 4695122 255
118 185 4695133 255
100 191 4695155 255
96 191 4695166 255
83 181 4695187 255
80 157 4695232 255
