29
125 50 4725073 255
120 51 4725101 255
115 54 4725112 255
103 61 4725134 255
98 65 4725145 255
90 76 4725166 255
85 87 4725177 255
82 93 4725188 255
81 100 4725194 255
83 115 4725221 255
85 120 4725232 255
94 124 4725253 255
100 122 4725264 255
109 115 4725286 255
114 110 4725297 255
125 97 4725303 255
138 80 4725329 255
140 77 4725340 255
142 66 4725362 255
143 62 4725373 255
143 59 4725383 255
144 58 4725394 255
144 62 4725411 255
143 65 4725427 255
138 79 4725449 255
134 89 4725459 255
122 135 4725481 255
119 163 4725503 255
120 184 4725547 255
