27
100 123 4690101 255
98 120 4690118 255
96 117 4690129 255
94 112 4690151 255
94 107 4690168 255
99 100 4690183 255
107 89 4690205 255
112 85 4690216 255
126 80 4690238 255
132 79 4690249 255
139 80 4690270 255
140 86 4690277 255
131 101 4690303 255
94 155 4690325 255
90 160 4690335 255
83 173 4690357 255
78 180 4690368 255
74 185 4690385 255
76 187 4690411 255
78 183 4690422 255
83 177 4690444 255
90 174 4690455 255
97 172 4690466 255
104 170 4690477 255
123 168 4690494 255
133 167 4690509 255
144 167 4690543 255
