30
85 51 4718561 255
92 50 4718589 255
99 50 4718596 255
120 48 4718622 255
134 48 4718633 255
156 47 4718654 255
167 47 4718688 255
99 55 4718812 255
98 60 4718839 255
98 63 4718850 255
99 69 4718871 255
100 77 4718882 255
101 89 4718899 255
102 93 4718915 255
104 96 4718926 255
105 98 4718936 255
110 101 4718958 255
113 101 4718969 255
128 102 4718991 255
140 105 4719008 255
144 111 4719023 255
147 121 4719045 255
147 128 4719056 255
127 155 4719078 255
114 162 4719088 255
102 167 4719099 255
89 169 4719116 255
81 168 4719132 255
76 166 4719143 255
71 149 4719187 255
