29
98 49 4691599 255
103 47 4691638 255
107 47 4691644 255
123 49 4691671 255
129 54 4691681 255
139 62 4691703 255
142 65 4691714 255
143 72 4691736 255
134 82 4691753 255
130 87 4691768 255
123 94 4691790 255
120 97 4691801 255
118 100 4691822 255
118 101 4691833 255
119 102 4691844 255
124 103 4691855 255
129 104 4691861 255
134 108 4691877 255
138 113 4691888 255
144 123 4691909 255
145 136 4691931 255
143 145 4691942 255
124 162 4691964 255
115 166 4691970 255
100 167 4691996 255
85 163 4692018 255
75 154 4692029 255
67 144 4692050 255
67 141 4692086 255
