29
129 129 7522777 255
126 125 7522805 255
124 123 7522816 255
122 121 7522822 255
118 121 7522838 255
115 121 7522849 255
105 126 7522870 255
101 129 7522881 255
96 134 7522892 255
92 139 7522903 255
85 154 7522924 255
82 164 7522931 255
81 182 7522957 255
82 189 7522968 255
86 205 7522989 255
92 214 7523011 255
95 217 7523022 255
103 221 7523039 255
107 221 7523054 255
110 221 7523065 255
114 220 7523076 255
123 216 7523098 255
128 213 7523109 255
135 205 7523130 255
139 193 7523148 255
140 186 7523163 255
135 166 7523185 255
128 156 7523195 255
113 145 7523240 255
