25
92 173 8027336 255
94 169 8027359 255
98 168 8027375 255
102 164 8027386 255
108 157 8027407 255
111 153 8027418 255
114 147 8027429 255
117 140 8027440 255
125 122 8027461 255
128 113 8027468 255
133 105 8027494 255
134 103 8027505 255
135 102 8027516 255
135 102 8027526 255
135 105 8027548 255
135 109 8027559 255
135 119 8027576 255
135 127 8027591 255
135 134 8027602 255
135 142 8027613 255
135 171 8027635 255
135 184 8027646 255
135 199 8027667 255
136 209 8027685 255
136 213 8027729 255
