40
46 74 7537735 255
52 75 7537807 255
55 76 7537817 255
67 78 7537839 255
74 79 7537850 255
89 80 7537872 255
103 80 7537889 255
109 80 7537904 255
119 79 7537926 255
122 80 7537937 255
127 82 7537958 255
128 84 7537969 255
128 91 7537991 255
125 100 7538013 255
124 106 7538023 255
121 119 7538045 255
120 125 7538056 255
116 143 7538078 255
114 153 7538088 255
112 163 7538099 255
110 169 7538106 255
106 183 7538132 255
104 190 7538143 255
102 199 7538164 255
100 203 7538175 255
99 206 7538186 255
98 209 7538227 255
164 161 7538448 255
157 160 7538517 255
152 160 7538533 255
145 160 7538544 255
130 159 7538565 255
122 159 7538576 255
114 159 7538587 255
106 159 7538598 255
93 158 7538619 255
86 158 7538626 255
74 158 7538652 255
70 158 7538663 255
65 160 7538696 255
