39
154 101 7571800 255
147 98 7571860 255
143 99 7571871 255
132 101 7571893 255
120 106 7571910 255
114 109 7571925 255
109 113 7571936 255
105 118 7571947 255
101 123 7571958 255
95 135 7571979 255
93 142 7571990 255
92 154 7572012 255
93 160 7572018 255
101 178 7572044 255
114 195 7572066 255
121 201 7572077 255
140 216 7572099 255
146 219 7572109 255
157 222 7572127 255
166 222 7572153 255
170 221 7572164 255
174 219 7572174 255
176 215 7572196 255
178 211 7572207 255
178 206 7572218 255
175 198 7572235 255
172 193 7572250 255
164 186 7572272 255
159 183 7572283 255
149 180 7572304 255
137 180 7572326 255
127 183 7572344 255
123 186 7572359 255
119 188 7572370 255
112 195 7572391 255
110 198 7572402 255
108 201 7572413 255
107 205 7572424 255
106 210 7572459 255
