44
144 103 8001379 255
136 103 8001444 255
130 103 8001455 255
117 103 8001476 255
109 102 8001483 255
96 100 8001509 255
90 100 8001520 255
81 101 8001541 255
75 104 8001563 255
74 107 8001574 255
74 114 8001592 255
75 120 8001606 255
76 129 8001628 255
76 134 8001639 255
77 138 8001650 255
77 142 8001661 255
77 147 8001682 255
77 150 8001700 255
78 151 8001715 255
78 151 8001726 255
79 151 8001737 255
79 151 8001747 255
83 149 8001769 255
87 147 8001780 255
98 146 8001802 255
105 145 8001808 255
113 146 8001823 255
121 147 8001834 255
135 151 8001856 255
142 154 8001867 255
154 160 8001888 255
158 163 8001899 255
161 167 8001910 255
163 171 8001916 255
161 180 8001942 255
159 184 8001953 255
149 192 8001975 255
143 195 8001986 255
128 198 8002007 255
111 199 8002025 255
104 198 8002040 255
91 194 8002062 255
85 192 8002072 255
78 191 8002106 255
