26
127 89 8025765 255
121 88 8025804 255
119 88 8025814 255
113 90 8025836 255
109 93 8025847 255
100 100 8025869 255
93 111 8025886 255
91 117 8025901 255
88 133 8025923 255
90 147 8025945 255
93 154 8025955 255
101 166 8025977 255
113 176 8025994 255
119 178 8026009 255
124 179 8026020 255
129 179 8026031 255
135 177 8026042 255
144 172 8026064 255
147 168 8026074 255
150 155 8026096 255
149 141 8026103 255
143 124 8026118 255
135 113 8026129 255
123 100 8026150 255
117 97 8026161 255
111 95 8026195 255
