37
138 90 8041422 255
134 86 8041461 255
131 84 8041472 255
123 82 8041489 255
118 82 8041504 255
105 83 8041526 255
99 85 8041537 255
94 88 8041547 255
88 91 8041558 255
79 100 8041580 255
74 110 8041597 255
72 116 8041612 255
71 126 8041634 255
72 131 8041645 255
74 135 8041656 255
76 139 8041667 255
82 143 8041688 255
91 145 8041706 255
95 145 8041721 255
104 142 8041742 255
108 140 8041753 255
115 134 8041775 255
119 130 8041786 255
124 121 8041807 255
127 115 8041829 255
129 113 8041840 255
130 111 8041862 255
130 111 8041872 255
130 116 8041894 255
130 121 8041905 255
130 128 8041916 255
129 135 8041922 255
128 156 8041948 255
127 172 8041959 255
126 194 8041981 255
127 201 8041992 255
126 206 8042021 255
