49
149 86 7569718 255
140 88 7569801 255
134 88 7569812 255
122 88 7569833 255
116 88 7569844 255
105 87 7569866 255
101 86 7569877 255
95 86 7569894 255
91 86 7569920 255
90 88 7569931 255
89 93 7569953 255
89 96 7569963 255
89 104 7569985 255
89 114 7570002 255
89 119 7570018 255
88 128 7570039 255
88 133 7570050 255
87 140 7570072 255
86 142 7570083 255
86 146 7570104 255
86 146 7570126 255
86 146 7570137 255
88 145 7570159 255
89 144 7570169 255
94 142 7570191 255
98 142 7570202 255
102 142 7570213 255
107 142 7570219 255
119 144 7570245 255
125 146 7570256 255
136 151 7570278 255
141 154 7570289 255
146 158 7570299 255
151 162 7570310 255
158 170 7570328 255
160 174 7570343 255
161 184 7570364 255
160 188 7570375 255
158 192 7570397 255
149 199 7570419 255
137 203 7570436 255
130 203 7570451 255
123 203 7570462 255
110 201 7570484 255
99 197 7570505 255
96 195 7570516 255
90 191 7570538 255
87 189 7570560 255
85 189 7570593 255
