54
149 93 7533377 255
143 95 7533460 255
137 96 7533471 255
122 97 7533493 255
114 98 7533504 255
97 97 7533525 255
90 98 7533532 255
84 97 7533547 255
79 98 7533558 255
71 98 7533579 255
69 99 7533590 255
67 100 7533612 255
66 101 7533623 255
66 103 7533640 255
69 109 7533666 255
70 112 7533677 255
72 119 7533699 255
73 124 7533709 255
73 133 7533731 255
73 141 7533748 255
73 144 7533764 255
73 149 7533785 255
73 150 7533796 255
73 153 7533818 255
73 153 7533839 255
75 152 7533857 255
77 151 7533872 255
79 150 7533883 255
86 147 7533905 255
97 146 7533926 255
103 147 7533937 255
118 148 7533959 255
125 150 7533965 255
140 155 7533991 255
155 161 7534013 255
160 164 7534024 255
169 171 7534045 255
172 174 7534056 255
174 181 7534073 255
173 185 7534089 255
171 189 7534100 255
168 193 7534110 255
159 201 7534132 255
153 205 7534143 255
136 213 7534165 255
124 216 7534182 255
117 217 7534197 255
104 217 7534219 255
99 216 7534230 255
90 214 7534251 255
86 213 7534262 255
84 213 7534273 255
81 212 7534290 255
79 211 7534328 255
