26
85 75 7479856 255
84 83 7479882 255
83 88 7479893 255
76 101 7479915 255
71 111 7479926 255
61 141 7479947 255
60 152 7479958 255
67 161 7479969 255
75 168 7479975 255
99 172 7480001 255
116 170 7480012 255
145 161 7480034 255
160 153 7480045 255
166 150 7480056 255
169 149 7480066 255
171 150 7480102 255
121 106 7480232 255
123 109 7480261 255
124 114 7480272 255
126 128 7480294 255
125 137 7480305 255
124 173 7480322 255
124 207 7480337 255
124 218 7480348 255
126 231 7480359 255
135 246 7480403 255
