34
152 88 7514240 255
143 89 7514280 255
137 87 7514291 255
121 83 7514313 255
105 81 7514330 255
95 81 7514345 255
86 81 7514356 255
78 82 7514367 255
72 82 7514378 255
64 83 7514399 255
61 84 7514410 255
57 90 7514432 255
56 94 7514438 255
55 102 7514464 255
54 114 7514486 255
54 119 7514497 255
54 128 7514518 255
54 131 7514529 255
54 135 7514546 255
61 136 7514573 255
67 135 7514583 255
81 132 7514605 255
89 131 7514616 255
108 133 7514638 255
130 147 7514655 255
138 156 7514670 255
144 169 7514692 255
144 176 7514703 255
131 189 7514724 255
109 198 7514746 255
98 201 7514757 255
86 201 7514763 255
78 201 7514778 255
72 200 7514812 255
