24
85 98 214934112 255
84 94 214934160 255
87 93 214934160 255
98 90 214934176 255
109 86 214934192 255
134 85 214934208 255
142 86 214934240 255
146 89 214934256 255
147 94 214934256 255
138 109 214934288 255
127 119 214934304 255
125 122 214934304 255
122 125 214934320 255
124 128 214934336 255
142 130 214934352 255
156 135 214934368 255
165 142 214934384 255
165 153 214934400 255
157 164 214934416 255
126 181 214934448 255
113 185 214934448 255
97 187 214934464 255
80 187 214934464 255
60 177 214934528 255
