25
66 75 214907488 255
67 80 214907520 255
67 87 214907536 255
65 98 214907552 255
62 119 214907568 255
60 134 214907584 255
59 143 214907600 255
60 154 214907600 255
69 161 214907616 255
82 167 214907632 255
104 169 214907648 255
132 167 214907664 255
155 166 214907664 255
179 159 214907696 255
184 155 214907712 255
184 152 214907744 255
128 73 214907856 255
126 87 214907904 255
126 103 214907904 255
124 125 214907920 255
122 173 214907952 255
122 198 214907968 255
122 217 214907968 255
130 242 214908000 255
134 245 214908032 255
