32
115 65 214900752 255
105 75 214900816 255
98 84 214900832 255
90 102 214900848 255
85 112 214900864 255
78 129 214900880 255
70 143 214900896 255
69 146 214900912 255
67 153 214900912 255
72 171 214900944 255
77 178 214900960 255
83 185 214900960 255
101 200 214900992 255
107 204 214900992 255
113 205 214901008 255
128 204 214901024 255
152 191 214901040 255
170 171 214901056 255
177 160 214901072 255
196 129 214901088 255
204 109 214901104 255
207 96 214901120 255
208 78 214901152 255
199 70 214901152 255
191 64 214901168 255
168 58 214901200 255
158 57 214901216 255
142 59 214901232 255
137 60 214901232 255
128 62 214901248 255
121 70 214901264 255
101 110 214901296 255
