29
168 81 214913600 255
169 75 214913600 255
171 71 214913616 255
171 67 214913632 255
169 65 214913632 255
164 65 214913648 255
144 71 214913680 255
130 79 214913696 255
110 88 214913696 255
85 107 214913728 255
79 113 214913728 255
76 121 214913744 255
79 131 214913760 255
101 154 214913776 255
116 169 214913792 255
128 174 214913808 255
141 184 214913824 255
142 192 214913840 255
134 202 214913856 255
112 216 214913888 255
101 218 214913888 255
89 211 214913920 255
86 205 214913920 255
85 183 214913936 255
95 138 214913952 255
144 73 214913968 255
157 55 214913984 255
174 37 214914000 255
189 14 214914032 255
