44
165 99 3958450 255
164 96 3958473 255
162 95 3958488 255
160 93 3958499 255
156 86 3958521 255
154 82 3958532 255
151 77 3958542 255
145 74 3958553 255
133 70 3958575 255
125 68 3958581 255
108 68 3958607 255
90 80 3958629 255
83 86 3958640 255
70 108 3958661 255
70 113 3958672 255
77 125 3958689 255
82 137 3958716 255
85 140 3958726 255
98 141 3958748 255
103 138 3958759 255
114 131 3958781 255
137 109 3958798 255
141 103 3958813 255
144 96 3958835 255
145 92 3958846 255
146 83 3958867 255
147 81 3958878 255
147 80 3958889 255
147 80 3958906 255
147 82 3958921 255
147 85 3958932 255
147 94 3958954 255
147 107 3958976 255
147 115 3958986 255
146 135 3959008 255
146 147 3959014 255
146 163 3959030 255
146 171 3959041 255
146 180 3959062 255
146 185 3959073 255
146 197 3959095 255
146 204 3959116 255
146 207 3959123 255
146 210 3959172 255
