46
163 74 4569641 255
165 70 4569673 255
166 69 4569684 255
165 67 4569705 255
163 66 4569716 255
156 64 4569738 255
150 64 4569744 255
135 63 4569770 255
115 63 4569792 255
108 63 4569803 255
97 63 4569824 255
92 66 4569835 255
87 70 4569846 255
84 75 4569852 255
83 84 4569879 255
83 90 4569889 255
84 104 4569911 255
84 109 4569922 255
85 113 4569933 255
85 117 4569944 255
86 125 4569961 255
87 128 4569976 255
87 132 4569998 255
87 133 4570009 255
88 131 4570030 255
91 130 4570041 255
99 128 4570063 255
103 127 4570069 255
111 125 4570095 255
119 125 4570106 255
132 125 4570128 255
140 125 4570139 255
159 135 4570160 255
173 147 4570177 255
179 156 4570193 255
185 175 4570214 255
185 182 4570225 255
182 198 4570247 255
174 205 4570258 255
158 213 4570279 255
146 214 4570286 255
123 215 4570312 255
114 215 4570323 255
98 214 4570344 255
90 212 4570355 255
83 206 4570402 255
