27
39 114 4595347 255
39 109 4595366 255
41 105 4595377 255
46 97 4595399 255
58 86 4595416 255
70 78 4595431 255
92 72 4595442 255
102 71 4595453 255
114 73 4595464 255
135 85 4595485 255
140 89 4595496 255
144 110 4595518 255
135 124 4595524 255
108 160 4595550 255
84 182 4595572 255
70 189 4595583 255
58 203 4595604 255
56 206 4595615 255
55 208 4595626 255
54 209 4595632 255
59 211 4595658 255
66 212 4595669 255
88 211 4595691 255
106 208 4595702 255
123 205 4595713 255
138 204 4595724 255
159 203 4595768 255
