26
82 117 3926222 255
88 112 3926282 255
94 109 3926293 255
106 106 3926315 255
114 107 3926326 255
129 114 3926347 255
139 130 3926364 255
142 140 3926380 255
133 173 3926401 255
127 183 3926412 255
121 204 3926434 255
120 207 3926445 255
119 210 3926456 255
118 216 3926473 255
117 219 3926488 255
117 222 3926522 255
98 182 3926599 255
107 184 3926668 255
110 184 3926683 255
116 184 3926694 255
130 184 3926716 255
135 184 3926726 255
139 184 3926737 255
143 184 3926748 255
150 184 3926770 255
153 185 3926803 255
