26
305 170 5566508 255
299 160 5566538 255
291 145 5566554 255
275 133 5566571 255
257 128 5566587 255
226 129 5566604 255
194 147 5566620 255
161 171 5566637 255
145 205 5566653 255
143 230 5566669 255
146 251 5566686 255
170 261 5566702 255
214 252 5566719 255
264 228 5566735 255
290 212 5566752 255
321 188 5566768 255
330 182 5566784 255
335 179 5566801 255
337 183 5566817 255
339 207 5566834 255
331 241 5566850 255
312 283 5566867 255
303 315 5566883 255
301 348 5566899 255
301 367 5566916 255
301 372 5566944 255
