29
171 224 5557787 255
177 209 5557814 255
186 183 5557831 255
198 161 5557847 255
228 139 5557863 255
239 133 5557880 255
258 132 5557896 255
273 148 5557913 255
278 170 5557929 255
261 209 5557946 255
246 236 5557962 255
238 254 5557978 255
231 263 5557995 255
227 266 5558011 255
226 268 5558028 255
229 269 5558044 255
241 267 5558061 255
280 261 5558077 255
315 259 5558093 255
332 263 5558110 255
346 273 5558126 255
356 295 5558143 255
358 314 5558159 255
339 346 5558176 255
296 377 5558192 255
253 392 5558208 255
213 405 5558225 255
184 398 5558241 255
171 393 5558273 255
