33
155 226 656703 255
175 226 656765 255
194 226 656782 255
220 226 656798 255
237 226 656815 255
254 231 656831 255
267 236 656848 255
275 241 656864 255
279 250 656880 255
281 261 656897 255
279 275 656913 255
272 294 656930 255
264 313 656946 255
259 335 656963 255
252 358 656979 255
250 376 656995 255
248 398 657012 255
247 411 657028 255
246 423 657045 255
246 433 657061 255
246 441 657078 255
246 454 657094 255
246 458 657120 255
190 325 657385 255
195 327 657439 255
211 329 657455 255
226 330 657472 255
245 330 657488 255
267 330 657505 255
282 328 657521 255
299 325 657538 255
317 323 657554 255
325 321 657582 255
