30
240 305 873294 255
225 309 873326 255
207 315 873342 255
194 321 873359 255
178 329 873375 255
156 344 873392 255
145 356 873408 255
140 368 873425 255
136 387 873441 255
136 411 873457 255
141 429 873474 255
160 457 873490 255
176 472 873507 255
191 484 873523 255
216 497 873540 255
230 502 873556 255
249 505 873572 255
269 503 873589 255
282 496 873605 255
293 487 873622 255
311 466 873638 255
326 442 873655 255
331 420 873671 255
332 401 873687 255
325 387 873704 255
312 374 873720 255
301 362 873737 255
293 352 873753 255
274 344 873770 255
254 338 873802 255
