27
251 238 888111 255
247 239 888129 255
227 244 888145 255
204 254 888161 255
192 260 888178 255
185 268 888194 255
182 272 888211 255
182 277 888227 255
189 285 888244 255
208 291 888260 255
226 291 888277 255
242 285 888293 255
265 279 888309 255
279 273 888326 255
286 269 888342 255
290 267 888359 255
293 266 888375 255
293 269 888392 255
293 281 888408 255
290 302 888424 255
285 325 888441 255
282 360 888457 255
280 388 888474 255
280 418 888490 255
282 441 888507 255
286 465 888523 255
289 473 888553 255
