32
186 378 675955 255
186 378 675995 255
186 373 676028 255
190 370 676045 255
199 364 676061 255
209 361 676078 255
218 358 676094 255
226 357 676110 255
230 357 676127 255
233 361 676143 255
235 364 676160 255
236 368 676176 255
236 375 676193 255
235 385 676209 255
223 406 676226 255
210 421 676242 255
198 441 676258 255
190 454 676275 255
181 470 676291 255
176 480 676308 255
172 486 676324 255
171 490 676341 255
170 496 676357 255
172 499 676373 255
178 501 676390 255
184 503 676406 255
195 504 676423 255
211 504 676439 255
226 501 676456 255
237 496 676472 255
261 490 676488 255
272 487 676516 255
