28
266 298 862116 255
251 291 862148 255
241 289 862165 255
227 294 862181 255
211 303 862198 255
202 316 862214 255
206 331 862231 255
213 355 862247 255
223 374 862263 255
234 404 862280 255
238 422 862296 255
241 441 862313 255
241 460 862329 255
237 471 862346 255
230 480 862362 255
215 487 862378 255
203 490 862395 255
196 490 862411 255
190 483 862428 255
188 460 862444 255
195 441 862461 255
221 410 862477 255
236 388 862494 255
266 359 862510 255
282 343 862526 255
289 330 862543 255
296 310 862559 255
298 293 862586 255
