40
243 327 643113 255
228 323 643179 255
211 325 643195 255
190 334 643228 255
182 342 643244 255
171 353 643261 255
165 364 643277 255
162 374 643294 255
161 386 643310 255
160 408 643326 255
166 424 643343 255
173 437 643359 255
180 448 643376 255
185 460 643392 255
190 468 643409 255
194 472 643425 255
201 474 643441 255
210 475 643458 255
221 472 643474 255
229 467 643491 255
235 462 643507 255
243 453 643524 255
255 441 643540 255
264 433 643557 255
272 424 643573 255
281 411 643589 255
286 404 643606 255
289 394 643622 255
291 386 643639 255
292 378 643655 255
292 372 643672 255
292 363 643688 255
289 355 643704 255
286 347 643721 255
283 346 643737 255
278 346 643754 255
275 346 643770 255
272 346 643787 255
269 347 643803 255
256 346 643841 255
