29
168 133 348753 255
162 153 348797 255
159 163 348813 255
158 178 348830 255
165 202 348846 255
171 213 348863 255
177 219 348879 255
185 227 348895 255
199 232 348912 255
220 234 348928 255
232 233 348945 255
252 226 348961 255
272 219 348978 255
285 206 348994 255
289 196 349010 255
291 187 349027 255
292 182 349043 255
293 179 349060 255
293 178 349076 255
293 178 349092 255
293 182 349109 255
293 192 349125 255
290 206 349142 255
285 241 349158 255
280 285 349175 255
277 320 349191 255
276 349 349208 255
276 369 349224 255
276 378 349253 255
