33
342 127 327628 255
328 127 327669 255
314 127 327686 255
292 144 327702 255
260 161 327719 255
232 177 327735 255
206 194 327751 255
194 204 327768 255
187 214 327784 255
179 225 327801 255
170 252 327817 255
167 289 327834 255
169 318 327850 255
174 331 327866 255
178 342 327883 255
182 350 327899 255
195 362 327916 255
224 369 327932 255
261 373 327949 255
294 363 327965 255
325 349 327981 255
337 338 327998 255
342 330 328014 255
343 319 328031 255
340 308 328047 255
322 300 328064 255
304 292 328080 255
264 300 328096 255
235 313 328113 255
207 324 328129 255
195 331 328146 255
189 337 328162 255
187 347 328195 255
