30
235 102 571106 255
229 108 571161 255
230 112 571177 255
236 121 571194 255
250 138 571210 255
270 162 571227 255
283 185 571243 255
289 203 571260 255
290 211 571276 255
291 216 571292 255
287 221 571309 255
272 224 571325 255
258 225 571342 255
248 223 571358 255
241 219 571375 255
235 207 571391 255
235 193 571407 255
239 180 571424 255
247 169 571440 255
268 158 571457 255
285 138 571473 255
292 130 571490 255
296 121 571506 255
298 115 571522 255
298 105 571539 255
298 97 571555 255
296 94 571572 255
292 94 571588 255
262 98 571605 255
245 94 571646 255
