29
179 102 324321 255
181 109 324383 255
178 130 324400 255
168 175 324416 255
161 197 324433 255
158 219 324449 255
161 244 324466 255
168 257 324482 255
177 263 324498 255
188 268 324515 255
215 270 324531 255
233 268 324548 255
255 257 324564 255
272 244 324581 255
284 229 324597 255
291 209 324613 255
295 193 324630 255
297 187 324646 255
298 184 324663 255
299 184 324677 255
299 189 324696 255
299 196 324712 255
296 216 324728 255
294 247 324745 255
292 289 324761 255
290 322 324778 255
290 353 324794 255
290 365 324811 255
290 375 324849 255
