64
165 82 93053248 255
165 79 93053264 255
165 78 93053264 255
164 73 93053280 255
159 69 93053296 255
155 67 93053312 255
151 66 93053336 255
148 66 93053344 255
138 66 93053360 255
130 69 93053376 255
121 78 93053400 255
117 83 93053416 255
113 87 93053424 255
101 92 93053456 255
98 94 93053456 255
94 103 93053464 255
90 111 93053480 255
88 116 93053488 255
87 119 93053504 255
83 127 93053520 255
81 137 93053536 255
78 147 93053560 255
77 157 93053576 255
78 167 93053584 255
79 174 93053600 255
80 179 93053616 255
82 182 93053624 255
84 185 93053640 255
86 187 93053648 255
91 194 93053680 255
99 197 93053688 255
106 201 93053704 255
115 204 93053728 255
119 204 93053744 255
126 201 93053760 255
136 195 93053784 255
139 194 93053784 255
142 191 93053792 255
144 189 93053808 255
147 184 93053832 255
147 180 93053840 255
147 175 93053848 255
147 167 93053864 255
143 157 93053888 255
137 152 93053904 255
131 148 93053912 255
125 146 93053936 255
124 144 93053944 255
121 145 93053952 255
118 145 93053968 255
114 147 93053984 255
110 148 93053992 255
106 149 93053992 255
99 150 93054008 255
94 151 93054016 255
91 153 93054032 255
89 153 93054048 255
86 155 93054056 255
82 159 93054072 255
78 163 93054080 255
71 174 93054112 255
69 178 93054128 255
68 180 93054136 255
68 181 93054168 255
