43
58 185 92993360 255
64 183 92993400 255
71 182 92993416 255
76 178 92993424 255
82 170 92993456 255
83 167 92993456 255
85 163 92993464 255
90 158 92993480 255
98 152 92993496 255
105 142 92993504 255
110 134 92993520 255
113 128 92993528 255
116 117 92993544 255
120 100 92993568 255
125 88 92993584 255
130 79 92993600 255
139 67 92993624 255
142 62 92993640 255
143 56 92993648 255
141 52 92993680 255
141 54 92993688 255
142 57 92993704 255
141 63 92993728 255
142 72 92993744 255
143 82 92993760 255
144 97 92993784 255
145 103 92993784 255
146 113 92993792 255
146 122 92993808 255
146 135 92993824 255
146 140 92993832 255
145 154 92993848 255
144 166 92993864 255
143 174 92993872 255
142 188 92993904 255
141 196 92993912 255
140 202 92993928 255
140 210 92993952 255
140 212 92993968 255
141 213 92993984 255
140 214 92994008 255
138 215 92994024 255
136 215 92994056 255
