36
74 157 93529760 255
79 155 93529776 255
81 155 93529792 255
82 154 93529800 255
84 154 93529808 255
85 152 93529824 255
88 143 93529848 255
93 137 93529856 255
102 131 93529872 255
112 121 93529896 255
115 112 93529912 255
117 104 93529928 255
120 87 93529952 255
120 78 93529960 255
121 72 93529976 255
121 70 93529984 255
122 67 93530000 255
122 66 93530016 255
122 66 93530040 255
121 70 93530048 255
121 76 93530064 255
121 90 93530088 255
121 101 93530104 255
120 111 93530112 255
119 131 93530144 255
119 141 93530152 255
119 148 93530160 255
118 171 93530192 255
119 179 93530208 255
119 197 93530232 255
119 203 93530240 255
119 208 93530256 255
119 212 93530280 255
119 213 93530296 255
119 213 93530304 255
119 214 93530336 255
