61
67 67 93533776 255
70 64 93533800 255
76 63 93533816 255
79 61 93533824 255
83 59 93533848 255
85 59 93533856 255
85 58 93533872 255
87 57 93533880 255
93 57 93533896 255
101 58 93533904 255
112 60 93533936 255
115 61 93533944 255
119 63 93533968 255
120 66 93533984 255
120 70 93534000 255
119 83 93534024 255
119 87 93534032 255
114 93 93534064 255
107 95 93534072 255
101 97 93534088 255
93 98 93534112 255
91 99 93534128 255
90 99 93534152 255
90 98 93534160 255
91 98 93534176 255
98 99 93534200 255
107 98 93534216 255
111 98 93534224 255
120 100 93534256 255
126 103 93534256 255
135 109 93534264 255
143 114 93534280 255
154 119 93534304 255
159 120 93534304 255
166 121 93534320 255
170 122 93534328 255
174 124 93534352 255
174 125 93534368 255
174 127 93534384 255
171 138 93534408 255
169 144 93534416 255
166 148 93534432 255
159 154 93534456 255
156 157 93534472 255
154 162 93534480 255
153 165 93534496 255
152 169 93534496 255
150 174 93534512 255
147 178 93534520 255
132 183 93534544 255
125 185 93534560 255
119 186 93534576 255
104 186 93534600 255
96 187 93534608 255
94 186 93534624 255
86 186 93534648 255
84 185 93534664 255
82 185 93534672 255
80 184 93534704 255
80 184 93534712 255
79 184 93534776 255
