38
153 250 3527433 255
164 257 3527468 255
174 264 3527485 255
181 268 3527501 255
189 270 3527518 255
210 266 3527534 255
227 247 3527551 255
234 231 3527567 255
239 204 3527583 255
240 175 3527600 255
241 160 3527616 255
241 144 3527633 255
238 139 3527649 255
237 138 3527666 255
235 144 3527682 255
232 160 3527698 255
231 191 3527715 255
236 234 3527731 255
239 272 3527748 255
240 311 3527764 255
240 341 3527781 255
235 366 3527797 255
230 374 3527813 255
207 391 3527830 255
194 403 3527846 255
185 411 3527863 255
168 414 3527879 255
158 413 3527896 255
151 409 3527912 255
146 405 3527928 255
145 401 3527945 255
149 395 3527961 255
171 387 3527978 255
200 379 3527994 255
229 373 3528011 255
272 366 3528027 255
304 360 3528043 255
324 357 3528074 255
