33
143 207 3294986 255
152 196 3295016 255
167 187 3295032 255
179 180 3295049 255
198 172 3295065 255
224 165 3295082 255
246 162 3295098 255
267 162 3295114 255
276 166 3295131 255
283 172 3295147 255
287 184 3295164 255
283 204 3295180 255
262 217 3295197 255
243 228 3295213 255
211 239 3295229 255
200 242 3295246 255
193 244 3295262 255
188 246 3295279 255
188 249 3295295 255
195 252 3295312 255
218 255 3295328 255
236 258 3295344 255
267 264 3295361 255
284 268 3295377 255
300 274 3295394 255
311 279 3295410 255
311 290 3295427 255
301 305 3295443 255
286 316 3295459 255
248 331 3295476 255
215 339 3295492 255
199 342 3295509 255
184 345 3295549 255
