39
200 217 3562270 255
200 217 3562356 255
195 227 3562378 255
191 252 3562395 255
189 268 3562411 255
187 289 3562427 255
186 305 3562444 255
185 315 3562460 255
184 321 3562477 255
185 324 3562493 255
185 326 3562510 255
185 326 3562526 255
191 326 3562542 255
209 326 3562559 255
223 326 3562575 255
236 327 3562592 255
261 330 3562608 255
275 333 3562625 255
284 335 3562641 255
292 337 3562657 255
296 338 3562674 255
299 335 3562690 255
300 330 3562707 255
301 307 3562723 255
301 284 3562740 255
303 259 3562756 255
304 241 3562772 255
304 234 3562789 255
305 232 3562805 255
305 231 3562819 255
305 255 3562855 255
300 288 3562871 255
296 323 3562887 255
293 359 3562904 255
292 385 3562920 255
291 407 3562937 255
291 421 3562953 255
291 430 3562970 255
291 434 3563008 255
