36
140 245 3327183 255
146 235 3327213 255
163 227 3327229 255
179 218 3327246 255
213 200 3327262 255
229 194 3327278 255
253 191 3327295 255
274 195 3327311 255
284 204 3327328 255
289 212 3327344 255
292 224 3327361 255
292 252 3327377 255
287 272 3327393 255
275 302 3327410 255
252 316 3327426 255
222 327 3327443 255
200 332 3327459 255
179 336 3327476 255
160 338 3327492 255
152 338 3327508 255
149 338 3327525 255
160 335 3327541 255
173 332 3327558 255
213 328 3327574 255
231 327 3327591 255
265 329 3327607 255
280 333 3327623 255
296 346 3327640 255
302 358 3327656 255
303 372 3327673 255
293 393 3327689 255
275 412 3327706 255
254 423 3327722 255
229 432 3327738 255
204 436 3327755 255
159 440 3327795 255
