32
276 73 1974978 255
261 73 1974994 255
242 73 1975010 255
221 71 1975027 255
204 71 1975043 255
191 72 1975060 255
177 78 1975076 255
164 89 1975093 255
153 102 1975109 255
150 114 1975125 255
150 129 1975142 255
154 142 1975158 255
160 153 1975175 255
171 160 1975191 255
183 161 1975208 255
211 161 1975224 255
239 158 1975240 255
270 157 1975257 255
290 163 1975273 255
310 171 1975290 255
330 194 1975306 255
335 222 1975323 255
324 262 1975339 255
301 301 1975355 255
280 330 1975372 255
248 354 1975388 255
210 365 1975405 255
171 366 1975421 255
134 355 1975438 255
97 331 1975454 255
77 276 1975470 255
75 257 1975496 255
