25
284 170 1993101 255
257 166 1993132 255
235 167 1993148 255
205 171 1993164 255
180 185 1993181 255
159 205 1993197 255
159 225 1993214 255
176 251 1993230 255
215 281 1993247 255
254 317 1993263 255
291 351 1993280 255
309 374 1993296 255
317 403 1993312 255
309 416 1993329 255
293 426 1993345 255
256 430 1993362 255
209 426 1993378 255
182 408 1993395 255
162 383 1993411 255
167 342 1993427 255
190 286 1993444 255
228 246 1993460 255
251 227 1993477 255
271 215 1993493 255
283 206 1993525 255
