27
178 135 1973871 255
178 127 1973893 255
179 124 1973910 255
180 123 1973923 255
177 129 1973942 255
167 154 1973959 255
159 193 1973975 255
158 223 1973992 255
164 249 1974008 255
175 265 1974025 255
188 273 1974041 255
216 272 1974058 255
247 254 1974074 255
270 237 1974090 255
276 228 1974107 255
278 222 1974123 255
276 219 1974140 255
273 218 1974156 255
268 223 1974173 255
258 242 1974189 255
249 278 1974205 255
246 317 1974222 255
246 354 1974238 255
246 375 1974255 255
248 404 1974271 255
252 420 1974288 255
256 432 1974323 255
