32
77 122 141347872 255
82 123 141347936 255
88 122 141347936 255
102 118 141347968 255
121 112 141347984 255
128 110 141348000 255
133 109 141348000 255
137 109 141348016 255
140 111 141348032 255
143 116 141348048 255
144 125 141348064 255
127 169 141348080 255
122 178 141348096 255
116 205 141348112 255
113 211 141348144 255
111 216 141348144 255
108 224 141348176 255
107 226 141348176 255
106 228 141348192 255
106 229 141348192 255
107 229 141348224 255
106 226 141348256 255
98 168 141348352 255
103 168 141348416 255
106 166 141348416 255
113 164 141348448 255
119 163 141348448 255
130 161 141348480 255
134 160 141348480 255
137 160 141348496 255
140 160 141348496 255
142 160 141348544 255
