42
131 125 141379984 255
126 124 141380016 255
124 124 141380032 255
123 123 141380048 255
120 123 141380064 255
117 123 141380080 255
106 124 141380096 255
97 125 141380128 255
94 127 141380128 255
89 134 141380160 255
89 138 141380160 255
88 144 141380192 255
89 149 141380208 255
94 151 141380224 255
104 163 141380240 255
108 168 141380256 255
112 175 141380272 255
114 178 141380288 255
117 183 141380304 255
118 188 141380320 255
119 197 141380352 255
118 200 141380352 255
118 203 141380368 255
117 205 141380384 255
113 206 141380384 255
103 204 141380416 255
99 200 141380432 255
93 195 141380448 255
90 193 141380448 255
88 188 141380480 255
88 183 141380496 255
89 178 141380512 255
97 169 141380528 255
102 165 141380544 255
109 159 141380560 255
114 150 141380592 255
117 144 141380592 255
119 136 141380624 255
120 133 141380624 255
120 129 141380656 255
120 126 141380672 255
120 126 141380704 255
