33
151 111 141795072 255
146 108 141795136 255
141 108 141795152 255
130 114 141795168 255
122 117 141795184 255
105 128 141795200 255
96 138 141795216 255
91 145 141795232 255
88 154 141795232 255
85 170 141795248 255
85 174 141795264 255
86 184 141795296 255
86 191 141795296 255
88 197 141795312 255
92 201 141795328 255
104 209 141795344 255
112 212 141795360 255
119 212 141795376 255
126 212 141795392 255
135 205 141795408 255
140 197 141795424 255
141 194 141795440 255
140 190 141795456 255
136 188 141795472 255
128 186 141795488 255
119 186 141795520 255
112 186 141795536 255
102 188 141795552 255
98 190 141795568 255
94 195 141795584 255
92 197 141795600 255
91 199 141795616 255
91 197 141795648 255
