32
104 104 141334832 255
98 108 141334880 255
96 112 141334896 255
92 118 141334912 255
90 126 141334928 255
87 144 141334944 255
85 161 141334960 255
84 176 141334976 255
85 196 141334992 255
85 201 141335008 255
89 208 141335024 255
94 211 141335040 255
104 215 141335056 255
111 216 141335072 255
119 216 141335088 255
132 209 141335120 255
138 201 141335136 255
158 167 141335152 255
165 151 141335168 255
168 134 141335168 255
167 125 141335184 255
163 110 141335184 255
159 102 141335200 255
154 92 141335232 255
152 88 141335232 255
141 83 141335264 255
135 85 141335264 255
124 89 141335296 255
116 91 141335296 255
104 97 141335328 255
101 100 141335328 255
97 108 141335376 255
