41
66 105 141792976 255
71 103 141793024 255
75 102 141793040 255
88 102 141793056 255
95 102 141793056 255
114 104 141793088 255
122 105 141793104 255
128 104 141793104 255
133 104 141793120 255
137 102 141793152 255
78 109 141793280 255
77 113 141793344 255
77 115 141793344 255
76 121 141793360 255
76 123 141793376 255
76 127 141793408 255
76 128 141793408 255
76 129 141793424 255
77 130 141793440 255
79 131 141793456 255
88 132 141793472 255
93 132 141793488 255
104 133 141793504 255
109 134 141793520 255
120 138 141793536 255
125 141 141793552 255
133 149 141793568 255
136 162 141793600 255
136 169 141793600 255
129 190 141793632 255
124 198 141793648 255
114 211 141793664 255
108 215 141793680 255
104 217 141793680 255
99 219 141793696 255
90 219 141793712 255
86 218 141793728 255
79 214 141793744 255
76 212 141793760 255
71 205 141793776 255
68 193 141793824 255
