34
78 147 141788896 255
80 140 141788928 255
80 136 141788944 255
82 130 141788960 255
84 127 141788976 255
92 119 141788992 255
99 113 141789008 255
104 110 141789024 255
109 107 141789024 255
122 107 141789056 255
133 114 141789072 255
136 117 141789088 255
139 127 141789088 255
133 150 141789120 255
121 178 141789136 255
118 185 141789152 255
99 201 141789168 255
95 205 141789168 255
90 208 141789200 255
87 210 141789216 255
85 210 141789232 255
84 207 141789248 255
84 206 141789264 255
84 206 141789280 255
85 209 141789312 255
87 210 141789328 255
99 212 141789344 255
105 214 141789360 255
124 215 141789376 255
146 216 141789392 255
156 215 141789408 255
174 210 141789424 255
187 199 141789440 255
191 193 141789472 255
