34
70 120 141822656 255
77 122 141822736 255
79 122 141822752 255
83 122 141822752 255
98 122 141822784 255
108 122 141822784 255
118 122 141822800 255
126 122 141822816 255
139 122 141822832 255
144 123 141822832 255
149 124 141822864 255
150 124 141822880 255
150 126 141822880 255
150 131 141822896 255
149 143 141822912 255
147 153 141822928 255
127 198 141822944 255
123 206 141822960 255
122 210 141822976 255
121 212 141822992 255
119 220 141823008 255
119 224 141823024 255
118 230 141823040 255
118 230 141823056 255
118 229 141823088 255
109 171 141823200 255
115 171 141823264 255
117 171 141823280 255
128 171 141823296 255
133 171 141823312 255
141 171 141823328 255
145 169 141823344 255
149 168 141823360 255
154 166 141823392 255
