33
67 83 5479486 255
73 79 5479512 255
76 77 5479523 255
85 75 5479545 255
99 74 5479562 255
109 74 5479577 255
118 74 5479588 255
125 74 5479599 255
132 76 5479610 255
140 83 5479631 255
143 88 5479642 255
146 98 5479664 255
147 106 5479670 255
129 131 5479696 255
110 158 5479718 255
101 163 5479729 255
87 184 5479751 255
76 190 5479761 255
68 195 5479772 255
62 205 5479779 255
57 215 5479805 255
56 218 5479816 255
56 222 5479837 255
59 223 5479848 255
66 223 5479859 255
72 223 5479870 255
92 220 5479887 255
113 215 5479902 255
141 210 5479924 255
155 209 5479935 255
167 210 5479956 255
171 212 5479967 255
174 214 5480002 255
