37
50 75 5049540 255
60 72 5049600 255
66 72 5049611 255
83 72 5049628 255
92 72 5049644 255
112 72 5049665 255
121 72 5049676 255
129 72 5049687 255
135 72 5049698 255
145 73 5049719 255
149 75 5049737 255
150 78 5049752 255
150 84 5049763 255
149 89 5049774 255
148 94 5049785 255
135 117 5049806 255
128 129 5049817 255
121 155 5049839 255
120 159 5049845 255
119 172 5049860 255
118 180 5049871 255
116 203 5049893 255
115 212 5049904 255
114 220 5049925 255
114 224 5049936 255
113 230 5049953 255
113 234 5049980 255
114 234 5049990 255
114 233 5050024 255
84 159 5050144 255
94 162 5050207 255
100 162 5050218 255
119 163 5050235 255
129 164 5050251 255
150 164 5050272 255
159 164 5050283 255
166 162 5050317 255
