34
74 103 5042595 255
71 98 5042634 255
74 97 5042645 255
80 88 5042666 255
96 83 5042682 255
107 81 5042699 255
117 80 5042710 255
125 80 5042720 255
131 82 5042731 255
140 91 5042753 255
143 94 5042764 255
145 104 5042785 255
144 111 5042790 255
136 120 5042807 255
130 125 5042818 255
124 131 5042840 255
123 134 5042861 255
122 139 5042872 255
131 148 5042894 255
136 152 5042898 255
145 157 5042926 255
150 160 5042937 255
155 163 5042948 255
156 169 5042959 255
155 181 5042980 255
153 188 5042991 255
139 213 5043007 255
130 219 5043024 255
124 222 5043035 255
114 224 5043046 255
94 225 5043067 255
84 225 5043078 255
71 225 5043100 255
67 223 5043138 255
