39
52 88 7817744 255
59 85 7817827 255
65 84 7817837 255
82 82 7817859 255
92 81 7817865 255
114 79 7817892 255
123 79 7817902 255
132 80 7817913 255
145 83 7817924 255
163 88 7817946 255
168 89 7817957 255
174 95 7817974 255
176 100 7817989 255
177 106 7818000 255
178 112 7818017 255
179 118 7818032 255
179 129 7818043 255
171 158 7818065 255
157 181 7818082 255
154 195 7818097 255
151 208 7818119 255
149 220 7818130 255
141 235 7818152 255
136 240 7818163 255
133 243 7818173 255
130 247 7818184 255
128 253 7818191 255
126 258 7818206 255
124 262 7818217 255
123 266 7818238 255
123 268 7818249 255
123 270 7818283 255
122 179 7818424 255
128 180 7818477 255
133 180 7818488 255
142 179 7818494 255
152 179 7818509 255
165 177 7818520 255
219 165 7818565 255
