116
127 96 7299196 255
121 95 7299261 255
121 95 7299272 255
119 96 7299293 255
117 97 7299300 255
106 106 7299326 255
102 110 7299337 255
99 113 7299348 255
96 116 7299358 255
92 120 7299380 255
91 122 7299391 255
89 125 7299408 255
89 129 7299424 255
89 131 7299434 255
90 135 7299445 255
95 143 7299467 255
99 145 7299478 255
106 149 7299499 255
111 151 7299516 255
113 152 7299532 255
115 154 7299554 255
117 154 7299565 255
120 155 7299586 255
124 155 7299597 255
128 155 7299608 255
131 155 7299619 255
135 155 7299625 255
138 154 7299640 255
140 154 7299651 255
144 153 7299673 255
145 152 7299684 255
146 151 7299695 255
148 145 7299716 255
150 138 7299733 255
151 136 7299749 255
152 133 7299760 255
154 131 7299771 255
154 130 7299781 255
155 127 7299803 255
154 127 7299814 255
154 125 7299836 255
153 125 7299842 255
152 123 7299868 255
151 123 7299879 255
150 123 7299901 255
149 123 7299912 255
147 122 7299933 255
144 122 7299950 255
143 121 7299966 255
141 121 7299977 255
139 120 7299998 255
137 120 7300020 255
135 120 7300031 255
132 120 7300053 255
131 120 7300059 255
130 120 7300085 255
131 120 7300107 255
132 120 7300141 255
138 164 7300395 255
132 161 7300432 255
129 160 7300443 255
125 160 7300465 255
124 161 7300471 255
120 163 7300497 255
117 165 7300508 255
111 167 7300519 255
106 170 7300530 255
98 174 7300552 255
95 176 7300562 255
90 180 7300579 255
87 181 7300595 255
85 182 7300606 255
78 186 7300628 255
75 188 7300638 255
71 198 7300660 255
71 202 7300671 255
74 208 7300688 255
77 210 7300703 255
81 215 7300725 255
86 223 7300747 255
91 227 7300758 255
102 233 7300779 255
112 238 7300796 255
119 239 7300812 255
132 239 7300834 255
136 238 7300844 255
144 232 7300866 255
149 229 7300877 255
155 226 7300888 255
161 224 7300899 255
165 221 7300905 255
169 219 7300920 255
171 217 7300931 255
175 210 7300953 255
177 206 7300964 255
178 199 7300985 255
179 194 7301007 255
179 192 7301013 255
179 187 7301040 255
179 186 7301051 255
178 181 7301072 255
174 174 7301094 255
170 171 7301105 255
163 166 7301122 255
160 164 7301137 255
155 161 7301159 255
154 159 7301170 255
152 158 7301181 255
150 157 7301192 255
142 156 7301213 255
133 155 7301230 255
129 154 7301246 255
126 154 7301257 255
123 155 7301267 255
117 155 7301278 255
111 162 7301312 255
