73
90 176 7280340 255
88 171 7280387 255
87 168 7280397 255
87 165 7280419 255
87 163 7280425 255
87 160 7280452 255
88 159 7280463 255
88 157 7280473 255
89 155 7280484 255
93 145 7280506 255
98 141 7280517 255
105 135 7280534 255
109 132 7280549 255
112 130 7280560 255
117 128 7280571 255
130 123 7280593 255
135 122 7280604 255
143 120 7280625 255
151 120 7280642 255
156 121 7280669 255
161 122 7280680 255
168 123 7280701 255
170 125 7280712 255
174 129 7280734 255
175 137 7280751 255
175 140 7280766 255
173 147 7280788 255
171 149 7280799 255
164 157 7280821 255
161 161 7280831 255
158 166 7280842 255
153 174 7280859 255
146 177 7280875 255
140 180 7280886 255
130 187 7280907 255
124 194 7280918 255
103 206 7280940 255
96 210 7280962 255
94 212 7280968 255
89 216 7280994 255
88 217 7281005 255
86 219 7281016 255
85 223 7281027 255
84 231 7281048 255
84 233 7281059 255
84 238 7281076 255
84 240 7281092 255
85 242 7281103 255
85 243 7281113 255
86 245 7281135 255
86 246 7281146 255
87 247 7281168 255
87 248 7281185 255
87 248 7281200 255
88 249 7281222 255
88 249 7281233 255
89 249 7281254 255
91 249 7281276 255
98 249 7281293 255
102 248 7281309 255
105 248 7281320 255
112 247 7281341 255
119 247 7281352 255
126 247 7281363 255
133 247 7281374 255
147 247 7281395 255
154 247 7281402 255
165 247 7281428 255
169 248 7281439 255
174 248 7281461 255
176 248 7281482 255
177 248 7281493 255
178 248 7281538 255
