41
69 125 7296706 255
64 124 7296733 255
63 124 7296744 255
61 123 7296761 255
63 123 7296777 255
68 123 7296798 255
77 122 7296820 255
85 122 7296831 255
100 120 7296853 255
120 119 7296870 255
128 119 7296885 255
135 120 7296896 255
141 120 7296907 255
149 121 7296918 255
160 122 7296940 255
164 123 7296950 255
167 125 7296972 255
167 127 7296978 255
163 137 7297005 255
158 146 7297026 255
156 154 7297037 255
151 173 7297059 255
147 187 7297070 255
134 208 7297087 255
130 215 7297102 255
127 223 7297113 255
125 229 7297124 255
123 236 7297146 255
122 239 7297156 255
120 243 7297178 255
119 246 7297195 255
119 246 7297211 255
119 248 7297232 255
119 248 7297243 255
119 249 7297277 255
109 195 7297573 255
112 191 7297601 255
113 191 7297607 255
123 191 7297634 255
132 194 7297645 255
144 197 7297679 255
