52
162 82 7356839 255
159 77 7356867 255
157 75 7356878 255
154 71 7356900 255
154 70 7356906 255
151 68 7356932 255
144 67 7356943 255
132 67 7356965 255
114 75 7356986 255
107 79 7356997 255
94 86 7357014 255
90 89 7357030 255
82 101 7357051 255
81 113 7357073 255
82 119 7357084 255
86 135 7357106 255
101 145 7357123 255
106 147 7357138 255
124 144 7357160 255
131 139 7357171 255
141 132 7357192 255
144 129 7357203 255
146 125 7357214 255
149 114 7357231 255
150 110 7357246 255
151 106 7357257 255
152 101 7357279 255
152 99 7357290 255
152 97 7357301 255
152 96 7357312 255
151 96 7357333 255
151 97 7357355 255
151 97 7357366 255
151 107 7357387 255
151 113 7357398 255
149 130 7357420 255
149 151 7357431 255
147 167 7357442 255
146 175 7357448 255
143 200 7357474 255
139 206 7357485 255
131 216 7357507 255
127 223 7357518 255
124 230 7357528 255
121 233 7357539 255
107 239 7357556 255
100 241 7357572 255
83 244 7357593 255
76 244 7357604 255
70 244 7357615 255
66 244 7357626 255
62 243 7357655 255
