37
93 135 7841742 255
90 130 7841769 255
90 129 7841780 255
90 127 7841801 255
96 125 7841819 255
102 116 7841834 255
115 87 7841856 255
123 76 7841867 255
127 70 7841888 255
128 68 7841899 255
129 66 7841921 255
130 65 7841927 255
130 64 7841942 255
131 64 7841953 255
132 65 7841975 255
132 65 7841986 255
132 66 7842007 255
132 67 7842018 255
131 71 7842029 255
130 76 7842035 255
128 85 7842062 255
126 95 7842083 255
124 117 7842094 255
120 154 7842116 255
119 167 7842127 255
118 182 7842144 255
118 194 7842159 255
117 200 7842170 255
117 205 7842181 255
116 216 7842202 255
116 222 7842213 255
115 231 7842235 255
114 237 7842252 255
114 239 7842268 255
114 241 7842289 255
114 241 7842300 255
114 242 7842334 255
