57
79 122 7843334 255
77 117 7843401 255
79 114 7843416 255
80 111 7843427 255
82 105 7843449 255
83 103 7843460 255
84 100 7843471 255
86 97 7843492 255
90 94 7843509 255
96 92 7843525 255
101 90 7843536 255
108 87 7843557 255
114 83 7843579 255
119 81 7843590 255
130 79 7843611 255
134 80 7843618 255
140 85 7843644 255
145 88 7843666 255
146 89 7843676 255
150 93 7843698 255
151 97 7843709 255
152 103 7843720 255
153 108 7843726 255
152 119 7843752 255
151 127 7843763 255
147 142 7843785 255
125 174 7843807 255
122 179 7843817 255
105 196 7843835 255
97 204 7843850 255
92 211 7843872 255
90 214 7843882 255
88 219 7843893 255
86 224 7843904 255
84 232 7843926 255
84 238 7843943 255
84 239 7843958 255
84 241 7843969 255
84 242 7843980 255
85 243 7843991 255
89 244 7844012 255
94 245 7844023 255
104 244 7844045 255
108 244 7844051 255
117 240 7844077 255
128 236 7844099 255
133 234 7844110 255
139 231 7844132 255
142 230 7844143 255
144 229 7844153 255
147 229 7844160 255
151 227 7844186 255
155 226 7844208 255
156 225 7844218 255
158 225 7844240 255
159 225 7844262 255
159 224 7844295 255
