60
78 83 7845232 255
83 79 7845280 255
84 78 7845291 255
86 78 7845309 255
89 78 7845324 255
100 79 7845346 255
105 80 7845356 255
112 80 7845367 255
120 80 7845378 255
132 83 7845400 255
140 86 7845417 255
144 88 7845432 255
145 89 7845443 255
147 89 7845454 255
148 90 7845465 255
149 92 7845486 255
149 93 7845497 255
147 97 7845519 255
135 108 7845541 255
130 113 7845551 255
115 122 7845573 255
106 129 7845584 255
95 142 7845606 255
92 147 7845627 255
91 148 7845634 255
89 151 7845660 255
89 152 7845671 255
94 153 7845692 255
104 153 7845714 255
109 153 7845725 255
125 153 7845742 255
132 154 7845757 255
143 154 7845779 255
156 154 7845801 255
162 155 7845812 255
169 157 7845833 255
174 164 7845850 255
175 169 7845866 255
177 175 7845887 255
178 178 7845898 255
178 188 7845920 255
176 194 7845931 255
171 200 7845942 255
167 205 7845952 255
161 215 7845959 255
156 227 7845974 255
153 233 7845985 255
143 239 7846007 255
138 242 7846017 255
128 247 7846039 255
114 251 7846061 255
108 251 7846067 255
98 250 7846093 255
95 250 7846104 255
92 249 7846115 255
89 248 7846126 255
84 247 7846148 255
81 246 7846158 255
78 244 7846176 255
79 243 7846214 255
