27
118 148 1252206 255
118 145 1252222 255
118 141 1252244 255
116 140 1252255 255
107 138 1252272 255
98 138 1252298 255
94 138 1252309 255
89 142 1252330 255
88 144 1252341 255
87 148 1252363 255
86 154 1252380 255
86 155 1252395 255
88 156 1252417 255
92 155 1252428 255
103 153 1252450 255
106 155 1252461 255
109 157 1252471 255
116 162 1252488 255
118 168 1252504 255
119 175 1252515 255
119 186 1252536 255
118 192 1252547 255
108 210 1252569 255
96 219 1252591 255
93 221 1252597 255
86 223 1252623 255
80 224 1252657 255
