42
136 87 4709820 255
130 86 4709867 255
126 87 4709881 255
122 88 4709893 255
113 95 4709918 255
103 103 4709930 255
95 109 4709944 255
78 122 4709970 255
69 133 4709982 255
62 141 4709993 255
47 166 4710020 255
39 178 4710033 255
34 193 4710045 255
32 198 4710057 255
30 220 4710073 255
33 231 4710084 255
39 242 4710096 255
43 249 4710108 255
46 256 4710109 255
50 265 4710122 255
61 271 4710137 255
71 274 4710148 255
75 275 4710160 255
90 276 4710173 255
100 275 4710185 255
108 265 4710200 255
111 260 4710211 255
116 250 4710225 255
118 236 4710237 255
118 226 4710249 255
118 222 4710263 255
117 217 4710264 255
114 204 4710277 255
104 194 4710288 255
88 185 4710314 255
75 183 4710328 255
66 182 4710340 255
57 182 4710364 255
54 182 4710377 255
52 183 4710392 255
49 184 4710416 255
46 184 4710454 255
