46
77 214 5103520 255
83 213 5103555 255
84 213 5103556 255
86 211 5103568 255
89 201 5103583 255
107 183 5103607 255
112 170 5103619 255
116 160 5103632 255
125 137 5103659 255
131 130 5103671 255
136 125 5103683 255
137 124 5103695 255
138 123 5103696 255
139 122 5103709 255
137 127 5103729 255
132 136 5103741 255
126 151 5103761 255
123 165 5103773 255
121 180 5103787 255
119 195 5103799 255
118 210 5103810 255
117 225 5103823 255
115 239 5103849 255
115 243 5103850 255
115 253 5103863 255
115 261 5103875 255
117 266 5103901 255
121 265 5103914 255
130 262 5103927 255
138 258 5103939 255
144 255 5103951 255
147 252 5103966 255
150 250 5103978 255
151 249 5103990 255
151 248 5104015 255
149 248 5104030 255
142 248 5104042 255
124 248 5104066 255
113 248 5104078 255
102 248 5104093 255
94 248 5104105 255
90 248 5104117 255
86 248 5104130 255
84 248 5104142 255
82 248 5104157 255
79 248 5104207 255
