45
72 115 5106670 255
72 111 5106680 255
73 105 5106693 255
75 98 5106705 255
77 96 5106712 255
82 90 5106738 255
85 88 5106749 255
89 87 5106762 255
94 87 5106774 255
107 87 5106789 255
113 87 5106802 255
123 94 5106825 255
135 107 5106839 255
139 112 5106853 255
139 130 5106878 255
132 138 5106890 255
126 143 5106902 255
115 149 5106928 255
110 150 5106929 255
100 152 5106941 255
94 152 5106953 255
89 153 5106981 255
88 153 5106993 255
88 152 5107010 255
97 152 5107031 255
106 153 5107044 255
124 164 5107068 255
130 168 5107069 255
139 174 5107081 255
146 179 5107093 255
159 200 5107121 255
160 206 5107132 255
158 210 5107145 255
152 221 5107172 255
143 230 5107184 255
132 235 5107196 255
105 240 5107220 255
93 240 5107235 255
79 238 5107248 255
62 224 5107273 255
58 220 5107284 255
57 217 5107299 255
56 216 5107311 255
56 215 5107312 255
59 213 5107349 255
