42
58 152 4702018 255
57 149 4702066 255
57 147 4702080 255
58 137 4702093 255
62 124 4702117 255
69 121 4702129 255
75 117 4702144 255
86 103 4702168 255
94 99 4702181 255
103 97 4702193 255
119 100 4702220 255
128 104 4702233 255
139 112 4702257 255
142 116 4702272 255
143 122 4702285 255
139 140 4702309 255
133 150 4702321 255
127 163 4702336 255
113 187 4702360 255
104 198 4702373 255
97 207 4702385 255
83 231 4702412 255
76 238 4702424 255
67 245 4702448 255
65 247 4702449 255
62 250 4702464 255
61 252 4702477 255
61 251 4702500 255
62 251 4702501 255
67 250 4702513 255
74 248 4702528 255
88 246 4702552 255
94 245 4702553 255
105 244 4702565 255
116 243 4702577 255
134 242 4702604 255
147 242 4702617 255
154 241 4702630 255
161 242 4702655 255
163 242 4702657 255
164 242 4702669 255
162 242 4702718 255
