37
143 84 5115646 255
147 81 5115687 255
147 81 5115695 255
133 81 5115720 255
126 82 5115733 255
111 83 5115756 255
105 84 5115758 255
96 86 5115772 255
84 90 5115784 255
69 105 5115808 255
66 108 5115809 255
62 113 5115821 255
59 121 5115835 255
60 138 5115860 255
68 142 5115872 255
75 145 5115885 255
92 141 5115912 255
102 132 5115924 255
111 121 5115948 255
116 102 5115964 255
118 94 5115976 255
120 87 5115999 255
120 86 5116001 255
120 84 5116013 255
120 85 5116045 255
119 92 5116058 255
119 110 5116077 255
120 127 5116091 255
121 156 5116114 255
124 182 5116128 255
126 196 5116139 255
131 216 5116166 255
132 223 5116167 255
133 232 5116179 255
131 238 5116191 255
130 241 5116203 255
129 244 5116248 255
