48
139 112 4681910 255
143 107 4681933 255
144 105 4681934 255
145 102 4681946 255
145 99 4681959 255
142 96 4681984 255
139 95 4681986 255
133 95 4681998 255
128 98 4682010 255
119 105 4682037 255
114 108 4682049 255
107 112 4682061 255
104 114 4682073 255
100 115 4682074 255
94 121 4682087 255
87 131 4682101 255
75 143 4682125 255
71 147 4682126 255
65 159 4682138 255
60 169 4682150 255
54 192 4682177 255
53 201 4682190 255
53 209 4682202 255
54 227 4682228 255
55 231 4682229 255
59 238 4682242 255
64 242 4682254 255
78 249 4682279 255
86 250 4682293 255
95 251 4682305 255
109 247 4682330 255
115 244 4682343 255
119 237 4682358 255
124 222 4682382 255
124 217 4682394 255
124 212 4682406 255
119 194 4682433 255
114 189 4682446 255
99 183 4682470 255
93 182 4682486 255
88 182 4682497 255
74 183 4682522 255
68 183 4682535 255
62 185 4682549 255
54 189 4682574 255
52 191 4682586 255
50 195 4682599 255
48 198 4682661 255
