42
127 115 129286960 255
125 112 129286984 255
125 108 129286992 255
125 102 129287016 255
126 99 129287024 255
128 94 129287048 255
127 83 129287064 255
126 79 129287080 255
123 72 129287104 255
121 70 129287112 255
117 67 129287136 255
112 66 129287144 255
106 67 129287152 255
102 68 129287168 255
98 73 129287176 255
95 78 129287184 255
93 82 129287200 255
90 96 129287216 255
90 103 129287232 255
89 109 129287240 255
90 122 129287256 255
103 144 129287272 255
107 151 129287280 255
112 172 129287304 255
112 176 129287320 255
112 179 129287328 255
112 183 129287344 255
108 188 129287360 255
104 189 129287376 255
97 190 129287392 255
95 189 129287408 255
92 186 129287424 255
93 174 129287448 255
98 167 129287456 255
112 136 129287480 255
118 110 129287496 255
119 104 129287512 255
119 100 129287520 255
119 94 129287536 255
119 88 129287544 255
120 77 129287568 255
122 72 129287600 255
