26
94 88 129836544 255
89 93 129836616 255
86 105 129836640 255
84 113 129836648 255
76 128 129836664 255
66 151 129836688 255
65 164 129836696 255
68 172 129836704 255
71 177 129836720 255
77 183 129836736 255
80 184 129836744 255
96 183 129836768 255
104 175 129836784 255
125 165 129836792 255
143 144 129836800 255
147 130 129836824 255
148 122 129836832 255
146 107 129836848 255
137 101 129836864 255
131 97 129836880 255
126 95 129836888 255
109 93 129836912 255
101 93 129836920 255
82 95 129836944 255
69 104 129836960 255
67 110 129837000 255
