50
87 91 129345120 255
87 85 129345176 255
87 80 129345184 255
92 73 129345208 255
102 65 129345224 255
106 59 129345240 255
110 54 129345248 255
113 50 129345264 255
117 47 129345272 255
129 45 129345296 255
133 48 129345304 255
140 53 129345328 255
143 55 129345328 255
147 59 129345360 255
149 66 129345376 255
149 71 129345392 255
149 81 129345408 255
149 84 129345424 255
149 88 129345432 255
148 92 129345440 255
139 102 129345464 255
135 106 129345480 255
128 112 129345496 255
125 114 129345512 255
124 116 129345520 255
122 117 129345528 255
121 118 129345552 255
121 119 129345568 255
122 119 129345584 255
127 120 129345600 255
131 120 129345608 255
135 121 129345616 255
142 122 129345640 255
146 125 129345656 255
148 130 129345672 255
149 134 129345680 255
150 139 129345696 255
151 143 129345704 255
151 151 129345728 255
151 158 129345736 255
149 169 129345760 255
147 173 129345768 255
135 180 129345792 255
123 184 129345816 255
114 186 129345824 255
102 187 129345848 255
96 187 129345856 255
91 186 129345864 255
85 184 129345872 255
81 177 129345912 255
