41
93 61 129347256 255
89 64 129347312 255
89 70 129347320 255
88 80 129347344 255
87 88 129347344 255
85 104 129347376 255
84 114 129347384 255
82 129 129347392 255
80 138 129347408 255
80 145 129347424 255
81 147 129347440 255
83 150 129347456 255
84 151 129347472 255
85 152 129347480 255
89 152 129347496 255
100 151 129347512 255
104 150 129347528 255
111 147 129347544 255
115 145 129347568 255
116 145 129347584 255
118 144 129347600 255
119 144 129347616 255
128 138 129347656 255
144 67 129347808 255
144 74 129347864 255
144 79 129347872 255
144 87 129347896 255
143 94 129347904 255
138 109 129347928 255
128 141 129347952 255
126 152 129347960 255
124 175 129347984 255
123 180 129347992 255
124 196 129348008 255
124 201 129348024 255
125 205 129348032 255
125 207 129348048 255
126 211 129348064 255
126 212 129348080 255
127 213 129348096 255
129 213 129348136 255
