26
123 93 129339488 255
118 92 129339568 255
110 96 129339584 255
105 102 129339600 255
101 108 129339616 255
95 121 129339632 255
93 133 129339648 255
91 140 129339656 255
91 145 129339664 255
94 160 129339688 255
100 168 129339696 255
108 176 129339720 255
110 177 129339728 255
114 178 129339744 255
119 175 129339752 255
130 166 129339776 255
135 160 129339784 255
143 137 129339808 255
144 123 129339816 255
144 113 129339832 255
132 100 129339848 255
129 97 129339864 255
123 93 129339888 255
112 92 129339904 255
107 92 129339912 255
103 93 129339960 255
