32
83 71 129851520 255
93 70 129851600 255
98 71 129851608 255
108 73 129851632 255
112 75 129851648 255
124 76 129851664 255
134 77 129851688 255
137 79 129851696 255
141 83 129851712 255
142 85 129851728 255
143 89 129851752 255
140 97 129851776 255
137 103 129851784 255
130 114 129851808 255
123 140 129851824 255
120 148 129851840 255
118 170 129851864 255
117 174 129851872 255
116 181 129851896 255
116 185 129851904 255
116 193 129851928 255
115 198 129851952 255
116 200 129851960 255
116 199 129851992 255
110 151 129852120 255
115 152 129852200 255
123 153 129852216 255
129 153 129852232 255
134 153 129852240 255
140 153 129852264 255
143 153 129852272 255
146 152 129852304 255
