51
74 70 265077360 255
75 67 265077408 255
76 66 265077408 255
79 64 265077440 255
83 63 265077456 255
85 62 265077472 255
91 60 265077472 255
97 59 265077488 255
102 57 265077504 255
110 57 265077520 255
113 58 265077536 255
119 60 265077552 255
122 62 265077568 255
124 73 265077584 255
122 83 265077616 255
120 88 265077616 255
110 105 265077648 255
102 112 265077648 255
98 116 265077664 255
95 118 265077664 255
91 121 265077696 255
90 122 265077712 255
88 124 265077728 255
88 124 265077744 255
89 124 265077744 255
91 124 265077760 255
101 124 265077776 255
105 124 265077792 255
115 124 265077824 255
123 124 265077824 255
129 125 265077840 255
134 127 265077856 255
141 136 265077872 255
146 144 265077888 255
147 148 265077904 255
148 155 265077920 255
149 162 265077920 255
149 168 265077936 255
148 178 265077952 255
145 185 265077968 255
130 203 265077984 255
126 207 265078000 255
123 209 265078016 255
119 211 265078016 255
105 213 265078048 255
100 214 265078048 255
85 213 265078080 255
78 209 265078080 255
73 205 265078096 255
68 200 265078112 255
62 194 265078160 255
