32
113 113 265506672 255
115 110 265506720 255
115 107 265506736 255
117 101 265506752 255
118 98 265506768 255
127 87 265506784 255
136 76 265506800 255
140 66 265506816 255
146 53 265506848 255
147 49 265506848 255
150 44 265506880 255
150 43 265506880 255
151 42 265506896 255
152 43 265506912 255
153 45 265506912 255
154 48 265506928 255
154 52 265506944 255
154 65 265506960 255
154 72 265506976 255
153 91 265506992 255
153 100 265507008 255
154 122 265507024 255
154 130 265507040 255
154 144 265507056 255
154 150 265507072 255
154 163 265507088 255
154 173 265507120 255
154 178 265507120 255
154 184 265507152 255
154 186 265507152 255
154 187 265507184 255
154 185 265507216 255
