42
139 54 265512960 255
144 51 265513024 255
144 51 265513024 255
140 51 265513056 255
136 52 265513056 255
129 56 265513088 255
116 58 265513104 255
109 59 265513120 255
98 59 265513136 255
93 59 265513152 255
86 58 265513168 255
81 59 265513200 255
79 61 265513200 255
77 65 265513232 255
75 71 265513248 255
75 76 265513264 255
74 87 265513280 255
73 93 265513296 255
72 104 265513312 255
72 108 265513328 255
73 115 265513344 255
76 118 265513360 255
78 119 265513376 255
86 119 265513392 255
93 118 265513408 255
105 119 265513440 255
112 120 265513440 255
119 122 265513456 255
124 124 265513456 255
135 133 265513488 255
139 139 265513504 255
144 156 265513520 255
145 163 265513536 255
140 178 265513552 255
130 191 265513568 255
122 198 265513584 255
104 204 265513600 255
98 205 265513616 255
89 205 265513632 255
82 204 265513632 255
65 197 265513664 255
47 176 265513696 255
