37
150 47 265514688 255
142 45 265514768 255
139 46 265514768 255
130 49 265514800 255
124 52 265514816 255
112 58 265514832 255
106 62 265514848 255
100 67 265514848 255
96 71 265514864 255
83 86 265514880 255
78 94 265514896 255
69 110 265514912 255
66 123 265514928 255
66 131 265514944 255
67 142 265514976 255
68 148 265514976 255
76 162 265515008 255
80 167 265515008 255
85 172 265515024 255
91 175 265515040 255
97 178 265515040 255
104 179 265515056 255
118 179 265515072 255
124 177 265515088 255
135 169 265515104 255
139 165 265515120 255
143 155 265515136 255
142 151 265515152 255
136 141 265515168 255
132 137 265515184 255
118 128 265515216 255
111 126 265515216 255
98 122 265515248 255
84 121 265515264 255
78 121 265515280 255
71 121 265515296 255
68 122 265515328 255
