41
147 93 2948753 255
146 89 2948774 255
145 88 2948776 255
142 87 2948788 255
135 86 2948800 255
126 85 2948826 255
124 84 2948827 255
120 84 2948839 255
111 85 2948863 255
98 89 2948879 255
93 95 2948891 255
89 104 2948904 255
84 118 2948928 255
81 131 2948943 255
78 140 2948955 255
72 163 2948980 255
72 171 2948992 255
74 177 2949007 255
78 186 2949030 255
80 195 2949042 255
84 203 2949056 255
86 207 2949070 255
101 210 2949095 255
108 210 2949107 255
112 208 2949119 255
124 192 2949146 255
133 187 2949159 255
140 178 2949171 255
146 159 2949198 255
148 153 2949210 255
150 145 2949222 255
152 129 2949247 255
152 123 2949262 255
152 119 2949274 255
151 114 2949286 255
149 103 2949311 255
148 98 2949326 255
145 95 2949338 255
134 91 2949362 255
129 90 2949374 255
124 91 2949425 255
