30
104 148 2331765 255
105 144 2331781 255
108 135 2331795 255
110 128 2331808 255
114 117 2331832 255
116 112 2331834 255
118 102 2331846 255
121 94 2331858 255
126 80 2331885 255
127 75 2331898 255
128 71 2331921 255
129 70 2331922 255
129 69 2331937 255
129 69 2331948 255
127 70 2331973 255
126 75 2331986 255
124 81 2332001 255
124 95 2332024 255
124 102 2332025 255
124 116 2332038 255
124 130 2332050 255
124 148 2332076 255
124 154 2332077 255
124 163 2332090 255
124 167 2332101 255
124 171 2332127 255
124 172 2332129 255
124 174 2332141 255
125 176 2332153 255
127 178 2332209 255
