84
146 72 2352822 255
143 69 2352839 255
139 67 2352852 255
134 67 2352865 255
127 65 2352889 255
123 64 2352902 255
120 63 2352916 255
114 65 2352941 255
109 67 2352953 255
105 69 2352965 255
103 70 2352979 255
100 72 2352980 255
97 76 2352993 255
94 79 2353005 255
89 85 2353029 255
89 88 2353044 255
88 92 2353057 255
87 99 2353081 255
87 103 2353094 255
88 106 2353109 255
89 112 2353133 255
89 114 2353145 255
90 116 2353158 255
95 118 2353185 255
100 119 2353197 255
109 120 2353222 255
113 120 2353236 255
115 119 2353249 255
122 118 2353274 255
126 117 2353286 255
131 116 2353301 255
139 113 2353325 255
141 112 2353338 255
143 108 2353350 255
146 100 2353376 255
147 97 2353389 255
149 91 2353413 255
149 88 2353428 255
149 87 2353441 255
149 83 2353465 255
149 82 2353479 255
149 80 2353492 255
149 78 2353517 255
149 77 2353529 255
149 76 2353542 255
149 75 2353568 255
149 74 2353606 255
149 75 2353620 255
149 75 2353632 255
149 78 2353657 255
149 80 2353669 255
149 83 2353684 255
150 94 2353709 255
150 103 2353721 255
151 110 2353733 255
150 131 2353760 255
150 139 2353772 255
149 150 2353797 255
148 159 2353812 255
147 173 2353837 255
146 178 2353849 255
145 181 2353861 255
144 186 2353875 255
142 189 2353888 255
140 192 2353901 255
132 197 2353925 255
129 199 2353940 255
123 201 2353963 255
122 201 2353965 255
119 202 2353977 255
116 202 2353989 255
108 198 2354016 255
102 196 2354028 255
99 194 2354040 255
94 190 2354067 255
92 187 2354085 255
91 185 2354086 255
90 182 2354099 255
89 174 2354118 255
89 167 2354131 255
89 159 2354155 255
90 157 2354156 255
94 153 2354181 255
98 153 2354218 255
