47
162 63 2958467 255
157 63 2958490 255
154 64 2958502 255
152 62 2958515 255
136 64 2958542 255
128 62 2958554 255
121 60 2958567 255
112 58 2958579 255
103 56 2958594 255
97 55 2958606 255
92 54 2958629 255
91 54 2958631 255
89 54 2958643 255
89 55 2958657 255
88 62 2958681 255
88 65 2958682 255
88 74 2958695 255
88 80 2958707 255
89 103 2958734 255
89 109 2958746 255
90 114 2958758 255
90 117 2958771 255
90 119 2958785 255
90 121 2958798 255
90 124 2958810 255
91 125 2958835 255
93 124 2958849 255
103 122 2958872 255
106 121 2958873 255
111 120 2958886 255
115 119 2958897 255
136 120 2958925 255
143 127 2958937 255
149 137 2958948 255
154 141 2958960 255
164 162 2958975 255
164 177 2958988 255
158 192 2959000 255
156 198 2959012 255
144 207 2959025 255
128 211 2959051 255
102 212 2959071 255
95 208 2959083 255
92 203 2959090 255
87 195 2959103 255
84 189 2959116 255
83 187 2959152 255
