72
156 83 2343877 255
151 81 2343907 255
149 81 2343920 255
148 81 2343933 255
136 82 2343957 255
129 83 2343970 255
124 84 2343984 255
123 84 2343995 255
119 85 2344009 255
116 86 2344021 255
110 87 2344034 255
102 92 2344048 255
96 99 2344061 255
92 106 2344073 255
88 114 2344098 255
87 117 2344112 255
86 122 2344124 255
84 138 2344149 255
84 143 2344161 255
84 147 2344175 255
84 155 2344200 255
84 162 2344213 255
84 169 2344225 255
86 177 2344252 255
87 179 2344264 255
88 181 2344288 255
89 181 2344289 255
93 182 2344304 255
100 182 2344316 255
108 183 2344340 255
110 183 2344341 255
113 183 2344353 255
115 182 2344367 255
118 182 2344391 255
118 181 2344392 255
120 181 2344404 255
123 181 2344417 255
133 180 2344443 255
142 173 2344462 255
144 168 2344475 255
146 160 2344495 255
147 156 2344508 255
148 153 2344531 255
148 152 2344532 255
148 151 2344545 255
148 150 2344559 255
147 149 2344571 255
144 145 2344596 255
141 142 2344608 255
136 139 2344623 255
127 134 2344648 255
124 131 2344660 255
122 129 2344672 255
118 127 2344699 255
115 126 2344712 255
110 126 2344735 255
109 127 2344736 255
103 128 2344751 255
99 130 2344763 255
94 132 2344787 255
93 133 2344788 255
90 135 2344800 255
89 136 2344814 255
87 138 2344827 255
85 139 2344840 255
83 141 2344864 255
83 142 2344879 255
82 143 2344890 255
82 143 2344908 255
82 142 2344927 255
82 143 2344949 255
82 143 2345004 255
