31
171 271 6128854 255
171 281 6128902 255
167 293 6128919 255
160 309 6128935 255
157 317 6128952 255
156 326 6128968 255
163 338 6128985 255
170 350 6129001 255
177 360 6129017 255
183 366 6129034 255
192 371 6129050 255
209 374 6129067 255
222 374 6129083 255
234 371 6129100 255
247 352 6129116 255
253 337 6129132 255
256 305 6129149 255
253 283 6129165 255
250 269 6129182 255
248 259 6129198 255
246 257 6129215 255
245 257 6129231 255
244 263 6129247 255
243 275 6129264 255
243 307 6129280 255
243 338 6129297 255
243 371 6129313 255
243 401 6129330 255
245 427 6129346 255
247 450 6129362 255
247 465 6129397 255
