31
179 352 6124179 255
184 344 6124187 255
190 338 6124204 255
203 325 6124220 255
224 294 6124237 255
232 276 6124253 255
238 247 6124269 255
239 235 6124286 255
239 230 6124302 255
238 228 6124319 255
233 232 6124335 255
217 263 6124352 255
206 299 6124368 255
202 344 6124384 255
208 386 6124401 255
223 421 6124417 255
237 448 6124434 255
249 466 6124450 255
263 471 6124467 255
276 472 6124483 255
283 468 6124499 255
288 460 6124516 255
288 450 6124532 255
282 443 6124549 255
261 438 6124565 255
236 437 6124582 255
210 439 6124598 255
190 446 6124614 255
167 459 6124631 255
157 464 6124647 255
152 467 6124683 255
