30
149 353 6125627 255
169 335 6125649 255
180 328 6125666 255
207 306 6125682 255
224 292 6125699 255
233 291 6125715 255
241 295 6125732 255
246 304 6125748 255
247 320 6125764 255
238 350 6125781 255
223 376 6125797 255
185 422 6125814 255
166 429 6125830 255
150 434 6125847 255
138 435 6125863 255
129 430 6125879 255
122 405 6125896 255
121 391 6125912 255
125 384 6125929 255
129 379 6125945 255
133 377 6125962 255
141 377 6125978 255
162 392 6125994 255
182 417 6126011 255
194 431 6126027 255
219 455 6126044 255
234 464 6126060 255
250 468 6126077 255
271 453 6126093 255
283 439 6126123 255
