26
121 271 6306078 255
134 278 6306117 255
157 279 6306133 255
178 279 6306150 255
211 272 6306166 255
230 266 6306183 255
243 266 6306199 255
257 266 6306216 255
264 268 6306232 255
268 272 6306247 255
268 299 6306265 255
257 324 6306281 255
248 357 6306298 255
242 383 6306314 255
236 414 6306331 255
233 428 6306347 255
226 449 6306364 255
215 469 6306380 255
206 478 6306417 255
288 345 6306561 255
281 345 6306610 255
257 350 6306626 255
231 357 6306643 255
205 361 6306659 255
183 365 6306676 255
172 367 6306706 255
