37
145 181 1375570 255
164 170 1375605 255
179 160 1375622 255
201 147 1375638 255
223 135 1375654 255
236 134 1375671 255
250 137 1375687 255
264 141 1375704 255
274 149 1375720 255
281 155 1375737 255
286 162 1375753 255
287 174 1375769 255
280 199 1375786 255
266 216 1375802 255
252 231 1375819 255
238 254 1375835 255
218 275 1375852 255
197 298 1375868 255
186 313 1375884 255
170 328 1375901 255
155 341 1375917 255
144 352 1375934 255
138 362 1375950 255
134 368 1375967 255
134 370 1375983 255
133 371 1375999 255
135 372 1376016 255
147 370 1376032 255
165 368 1376049 255
186 362 1376065 255
216 356 1376082 255
242 350 1376098 255
272 341 1376114 255
287 339 1376131 255
302 336 1376147 255
311 334 1376164 255
319 334 1376199 255
