74
280 127 1105047 255
280 123 1105089 255
280 121 1105105 255
275 118 1105121 255
269 111 1105138 255
255 100 1105154 255
246 97 1105171 255
231 92 1105187 255
211 90 1105204 255
196 92 1105220 255
186 96 1105236 255
171 104 1105253 255
156 112 1105269 255
146 123 1105286 255
139 135 1105302 255
134 151 1105319 255
132 163 1105335 255
131 174 1105351 255
131 183 1105368 255
135 199 1105384 255
139 212 1105401 255
149 225 1105417 255
165 238 1105434 255
178 248 1105450 255
188 249 1105466 255
203 250 1105483 255
218 248 1105499 255
232 239 1105516 255
241 230 1105532 255
250 221 1105549 255
259 207 1105565 255
264 193 1105581 255
266 184 1105598 255
266 173 1105614 255
265 164 1105631 255
261 152 1105647 255
259 147 1105664 255
257 143 1105680 255
256 139 1105696 255
255 136 1105713 255
255 134 1105729 255
255 131 1105746 255
255 130 1105762 255
255 128 1105779 255
255 128 1105789 255
255 129 1105861 255
257 130 1105877 255
258 131 1105894 255
260 133 1105910 255
260 136 1105927 255
261 139 1105943 255
261 140 1105959 255
263 145 1105976 255
264 153 1105992 255
265 162 1106009 255
267 171 1106025 255
270 191 1106042 255
272 204 1106058 255
272 217 1106074 255
272 236 1106091 255
273 259 1106107 255
273 270 1106124 255
274 282 1106140 255
279 303 1106157 255
281 318 1106173 255
282 335 1106189 255
283 348 1106206 255
283 355 1106222 255
284 359 1106239 255
285 365 1106255 255
286 368 1106272 255
287 373 1106288 255
289 380 1106304 255
291 386 1106334 255
