47
270 155 1389858 255
270 146 1389898 255
265 136 1389915 255
256 127 1389931 255
245 119 1389948 255
224 116 1389964 255
203 116 1389981 255
176 124 1389997 255
155 131 1390013 255
142 143 1390030 255
135 153 1390046 255
130 164 1390063 255
129 179 1390079 255
130 190 1390096 255
136 203 1390112 255
149 215 1390128 255
171 222 1390145 255
192 225 1390161 255
219 223 1390178 255
242 216 1390194 255
270 206 1390211 255
284 191 1390227 255
291 183 1390243 255
295 174 1390260 255
296 168 1390276 255
296 164 1390293 255
292 159 1390309 255
287 152 1390326 255
284 147 1390342 255
280 144 1390358 255
278 143 1390375 255
276 143 1390391 255
279 150 1390408 255
282 159 1390424 255
284 170 1390441 255
287 194 1390457 255
288 211 1390473 255
289 233 1390490 255
291 254 1390506 255
292 270 1390523 255
294 286 1390539 255
295 307 1390556 255
296 317 1390572 255
298 324 1390588 255
300 331 1390605 255
302 335 1390621 255
304 336 1390660 255
