47
160 106 1379424 255
160 112 1379482 255
160 117 1379499 255
160 123 1379515 255
160 143 1379532 255
152 158 1379548 255
147 171 1379565 255
144 185 1379581 255
142 198 1379597 255
142 206 1379614 255
144 213 1379630 255
149 217 1379647 255
162 223 1379663 255
174 227 1379680 255
187 231 1379696 255
201 233 1379712 255
217 231 1379729 255
226 229 1379745 255
233 228 1379762 255
238 224 1379778 255
244 217 1379795 255
252 202 1379811 255
259 188 1379827 255
264 175 1379844 255
265 162 1379860 255
265 152 1379877 255
261 144 1379893 255
257 138 1379910 255
254 134 1379926 255
254 133 1379936 255
254 134 1379975 255
254 138 1379992 255
257 144 1380008 255
258 162 1380025 255
258 177 1380041 255
261 206 1380057 255
261 223 1380074 255
264 252 1380090 255
265 269 1380107 255
266 281 1380123 255
269 295 1380140 255
271 307 1380156 255
271 317 1380172 255
271 325 1380189 255
271 331 1380205 255
272 334 1380222 255
275 334 1380252 255
