37
114 121 469208 255
117 117 469246 255
118 114 469257 255
118 111 469279 255
118 109 469290 255
117 107 469307 255
115 106 469322 255
113 106 469333 255
109 106 469344 255
101 111 469366 255
98 116 469377 255
93 125 469398 255
89 143 469415 255
88 151 469431 255
87 174 469453 255
87 181 469463 255
89 189 469485 255
94 194 469496 255
107 208 469518 255
115 215 469539 255
121 218 469550 255
132 219 469572 255
136 215 469583 255
142 208 469605 255
144 205 469615 255
148 190 469633 255
149 182 469648 255
149 177 469659 255
150 163 469670 255
149 150 469691 255
148 146 469702 255
139 140 469724 255
130 135 469741 255
127 133 469757 255
117 133 469778 255
110 134 469789 255
105 134 469823 255
