38
148 110 1238193 255
150 106 1238253 255
150 105 1238264 255
146 98 1238286 255
140 95 1238297 255
130 86 1238319 255
125 83 1238329 255
110 80 1238347 255
100 86 1238373 255
96 90 1238384 255
91 97 1238405 255
89 102 1238416 255
88 113 1238438 255
89 123 1238455 255
94 127 1238470 255
104 132 1238492 255
110 133 1238503 255
126 134 1238525 255
137 129 1238546 255
143 119 1238563 255
145 115 1238579 255
147 112 1238590 255
149 109 1238611 255
149 108 1238622 255
149 107 1238633 255
149 107 1238644 255
149 118 1238666 255
148 125 1238672 255
146 146 1238698 255
146 162 1238709 255
146 177 1238720 255
147 189 1238731 255
148 208 1238752 255
149 214 1238763 255
149 224 1238780 255
150 227 1238796 255
151 230 1238817 255
151 228 1238851 255
