31
100 75 1188595 255
99 81 1188656 255
97 87 1188667 255
92 96 1188688 255
91 102 1188699 255
88 116 1188721 255
87 121 1188732 255
85 125 1188743 255
84 128 1188749 255
83 133 1188775 255
83 136 1188786 255
83 137 1188808 255
83 138 1188819 255
84 139 1188829 255
86 139 1188840 255
95 138 1188858 255
101 138 1188873 255
113 137 1188895 255
119 137 1188905 255
127 137 1188950 255
140 105 1189113 255
143 113 1189177 255
143 118 1189187 255
143 131 1189209 255
143 140 1189220 255
141 177 1189242 255
138 198 1189252 255
140 212 1189263 255
141 218 1189270 255
142 223 1189296 255
142 224 1189329 255
