36
144 67 480909 255
149 63 480981 255
148 62 480992 255
141 61 481014 255
136 63 481025 255
127 67 481042 255
120 69 481057 255
106 76 481079 255
92 93 481101 255
79 112 481112 255
63 136 481133 255
60 156 481150 255
60 167 481166 255
68 192 481187 255
75 204 481198 255
83 219 481220 255
86 224 481231 255
101 232 481253 255
110 231 481274 255
116 230 481285 255
129 221 481307 255
134 214 481318 255
134 196 481339 255
128 183 481350 255
122 174 481368 255
117 171 481383 255
111 169 481394 255
105 168 481405 255
96 167 481426 255
93 167 481437 255
85 170 481459 255
78 180 481476 255
76 184 481491 255
73 196 481513 255
73 203 481524 255
74 208 481558 255
