39
93 81 477023 255
92 78 477047 255
92 77 477062 255
92 76 477073 255
92 76 477095 255
92 75 477106 255
91 76 477116 255
90 79 477127 255
89 90 477149 255
88 96 477156 255
85 113 477182 255
84 119 477193 255
79 135 477214 255
76 143 477236 255
74 146 477247 255
75 150 477264 255
77 151 477279 255
81 151 477301 255
84 151 477312 255
97 148 477334 255
108 145 477355 255
124 144 477373 255
131 143 477388 255
135 142 477399 255
141 144 477420 255
142 147 477454 255
141 97 477639 255
144 100 477677 255
145 101 477692 255
145 102 477703 255
142 107 477724 255
139 119 477746 255
138 129 477757 255
135 162 477779 255
134 179 477785 255
132 200 477811 255
132 209 477822 255
128 217 477844 255
126 219 477878 255
