51
148 98 545515 255
149 95 545565 255
149 91 545576 255
148 85 545598 255
146 82 545609 255
135 78 545630 255
130 76 545641 255
119 72 545659 255
106 72 545685 255
101 72 545696 255
94 73 545717 255
91 74 545728 255
88 78 545750 255
87 89 545767 255
87 94 545782 255
89 108 545804 255
98 119 545815 255
114 153 545837 255
117 159 545848 255
124 168 545858 255
135 188 545876 255
136 197 545891 255
136 204 545902 255
132 215 545924 255
129 223 545934 255
125 230 545945 255
122 235 545956 255
116 241 545978 255
112 243 545984 255
105 243 546010 255
102 241 546021 255
99 235 546043 255
99 227 546065 255
101 222 546075 255
108 210 546093 255
114 200 546108 255
130 181 546130 255
142 169 546151 255
147 162 546162 255
157 148 546184 255
163 133 546201 255
165 123 546217 255
165 116 546227 255
164 108 546238 255
161 100 546249 255
156 84 546271 255
153 78 546282 255
146 71 546303 255
142 68 546310 255
137 68 546325 255
133 69 546359 255
